"m1est"	"m1se"	"m2est"	"m2se"
0.122999811150398	0.185443830464295	0.110701780134055	0.166397166877408
-0.200442228582352	0.164492239546061	-0.204198028205809	0.165187932911425
0.153417690031218	0.178764169788712	0.154127615409649	0.167469549372133
-0.242423163940164	0.177850654408734	-0.254737642110947	0.168463590937684
-0.102073260968068	0.195113545016251	-0.108700063029944	0.175709267250935
-0.0809377256237582	0.177995472206459	-0.0870170445253371	0.170173677961903
-0.161711591424773	0.201100821962911	-0.15572706184856	0.168306483297506
0.371592835639444	0.179404386497263	0.368179093548859	0.175411142625483
-0.0127366275110591	0.175089345661344	-0.0138469848327294	0.166338413169234
0.1385048237035	0.175897738597715	0.138208738183163	0.166323384442801
0.00450714940913501	0.201653213652987	4.72138906603859e-06	0.169949955247781
0.0834714827866799	0.170553230102346	0.0836389065926724	0.166966525635437
-0.102735814479752	0.172012268769109	-0.0988480356804851	0.168032875184385
0.234716714245169	0.171368735883915	0.234729934234007	0.171342518725065
-0.069043671999611	0.174371560070327	-0.0750191204917574	0.172927891913936
-0.126244160199186	0.16842916673565	-0.125978658131894	0.167341812791212
-0.076359335394423	0.175123784197835	-0.0809145680528654	0.164258926202305
0.114146020246166	0.191442161880982	0.100860252588358	0.169680860933977
0.232840961698313	0.176260946182462	0.229580943315968	0.169539217612801
-0.1293197153742	0.169363024244003	-0.128063159325124	0.168685355558758
0.217046625169423	0.182174745301275	0.203061069124418	0.170350160828582
-0.151138725196322	0.191178837324413	-0.14557536535112	0.17055676136008
0.0574569644240338	0.179374449261888	0.0431037992942313	0.169414741897267
0.0860605867943413	0.176935279808499	0.0863111167880329	0.169527320663478
-0.413852088738106	0.202373495559316	-0.395455886381176	0.168754812614489
-0.199238700584506	0.177942147027696	-0.20176538038171	0.169848787316994
-0.1108700087206	0.186791049830213	-0.119044383476377	0.172285826397589
-0.181511986145604	0.177595199802174	-0.17642466828587	0.171396116002115
0.061735905683324	0.19111054265557	0.0564309812173374	0.167921913676444
-0.0869670371978427	0.170770880468153	-0.087533801590048	0.170611002081749
0.0734245892271564	0.17064906810331	0.0728040352540061	0.170481026076052
-0.118924842806435	0.178873361836028	-0.104501728727615	0.17253685456768
-0.15622327468005	0.179279769232398	-0.151808211000929	0.166225479342578
0.0731455286428334	0.189361651895001	0.0694887015155144	0.166716894340799
0.0291588537842099	0.171596814149942	0.029335768947956	0.171072814083051
0.306210960923466	0.173629937764528	0.307080387803773	0.171290899099393
0.0845372459230462	0.189920563094204	0.119022011989633	0.172302366956935
0.0839080255232845	0.178399079826747	0.0914493017217186	0.174198425717131
-0.211107848183641	0.170188871946937	-0.2125313798048	0.168479640767536
0.168273192689683	0.167481649151689	0.167568007488595	0.167207472526575
-0.0585954375647485	0.17315888401646	-0.0550465656022606	0.165910360076481
0.422586574183686	0.166022706415942	0.422174749995144	0.165807791472822
0.0402284650440946	0.183056284789189	0.0434844611399814	0.170113835251446
0.174982923458818	0.194946932599946	0.160228797639132	0.170635859652513
0.187144202484681	0.173944340113475	0.18401235796158	0.168334300027392
-0.19086578105559	0.186542071235999	-0.201722672043675	0.169823040825668
-0.00437912903757242	0.174827825035162	2.84684359604827e-06	0.171650010184287
0.158264460476805	0.175461814928347	0.146312929535616	0.170981050199916
-0.281600872394116	0.164051967616568	-0.281591693489507	0.164051999684701
0.146448305485364	0.173794496539964	0.150990129665324	0.165773690020511
0.0450051574130868	0.179034500064304	0.0465171641102358	0.175527495944529
-0.00491231414287292	0.189200602337751	-0.0140676914593056	0.167709406813671
0.339898488954399	0.18469305138223	0.337979016113421	0.171806460926103
0.0855518049567274	0.196304998510149	0.0876520338157322	0.170765756090586
-0.166719560826383	0.173236067229537	-0.16638895777926	0.166620216391198
-0.114128079866645	0.198795051105981	-0.112954097102247	0.168039200229971
0.156917530854856	0.213799732902536	0.151191188146627	0.165890933876864
-0.0405692482848426	0.211464849609959	-0.0435016527133559	0.170156718706828
-0.176596873332258	0.176466976458226	-0.185936300799862	0.169187153961736
0.0468312988472182	0.199361659333728	0.0584891769743721	0.170832186499744
0.424858663893972	0.190459016688011	0.416261388375116	0.170128725835095
-0.0303333533900671	0.173094244399037	-0.0300106496434799	0.172875182688133
-0.144166818385817	0.20825087395059	-0.153895042666997	0.167335817359526
-0.0586143464501601	0.171495138959462	-0.0584366714592453	0.170762751352289
0.265631143906717	0.171948528380229	0.26543476022768	0.171849107224907
-0.21185460132513	0.207603794648307	-0.243704105821571	0.174421472957612
0.281410068437157	0.174993184539602	0.275490945048409	0.166304609825139
-0.0882018405506529	0.197083484284141	-0.0867983022543814	0.169988133882774
0.168193089911933	0.183590228560395	0.168737757480635	0.167770607877592
-0.117134935670861	0.171655220973038	-0.117890025084471	0.171497798940172
-0.10838536192154	0.176691223053206	-0.111509045601484	0.16698493843592
0.00257878749509736	0.172758260770036	3.04260435402076e-06	0.170266325660077
0.158017517576446	0.207574045408489	0.164557915695737	0.172773654419007
-0.0925976430919776	0.172189719405084	-0.099528570187416	0.168597503983291
-0.218343014787352	0.177045545192054	-0.225453456118798	0.173292441070141
-0.156217529666162	0.170225032939707	-0.157203768717877	0.169083466760653
-0.131284868197522	0.177143414201737	-0.128617785484953	0.169043128114662
-0.113105277829292	0.175958253101817	-0.113953367633144	0.168756803216838
0.00846219079981539	0.177368073486305	-7.84397356266683e-06	0.170739232032579
-0.011944934426268	0.178740558112486	-0.0145526261850503	0.170409230818549
-0.108369508179991	0.182338038288389	-0.117340757110361	0.171136803704439
-0.00164342443665808	0.202734904128907	9.27930555273026e-06	0.175764946254275
-0.229445711665464	0.170709350759557	-0.225160094011271	0.16794973462154
-0.107659531087753	0.180023805952202	-0.105836497579243	0.173563386323589
0.128703009768936	0.169160806141717	0.128425656746591	0.168917813156801
-0.360316831326636	0.170501938629277	-0.360153584093427	0.170260164041731
0.109506920788421	0.174468870339264	0.112545416834187	0.16773920985489
0.227198275867792	0.172500789250598	0.226576440858167	0.16845668978337
-0.0879609869687215	0.220078895335042	-0.0771877651445432	0.175213289038816
-0.149026154670921	0.17655313540882	-0.149418725219321	0.172659603957307
-0.174480681344459	0.175463614554493	-0.170468511548173	0.168598711721305
-0.0861704320846806	0.215475814553696	-0.0576876958409065	0.169702012427493
0.117889113873484	0.187933251574946	0.125520019437566	0.167052260474978
0.177419518494715	0.199178434962629	0.150711058548456	0.173348690276609
0.298024417954143	0.202816616089339	0.285089290303023	0.169150442777817
-0.00423293407184866	0.179874689700752	-0.0144215511187772	0.169736443319827
0.0511102421210569	0.174144904334217	0.0589291077022929	0.171427368928196
-0.19016189967016	0.171351491242945	-0.190123812400823	0.170997584943127
0.0179442700182027	0.193032619206515	0.0148198007870479	0.171884563470866
0.0255124707661109	0.170208246629146	0.0287632701630661	0.169458645390637
-0.30415858489427	0.170581185301405	-0.303787934062996	0.170401777621363
-0.192754268338566	0.182014664599614	-0.181572003371098	0.173742188559563
0.0858075435168863	0.189281495114674	0.0850324045925184	0.168339796163185
-0.0467880294867834	0.184527110106873	-0.0418374999491834	0.166972556245395
-0.114319373906906	0.16879744599262	-0.113813498796131	0.168649442988799
0.382246785871344	0.183670569311094	0.37174639113855	0.172878771842774
0.0137002802248496	0.215893062865391	0.0146542330323622	0.170976934325333
-0.149915785535521	0.181536848554217	-0.155988438041982	0.168454114685836
-0.14204547297088	0.192029991251497	-0.141362441168202	0.168174317864457
0.0126932601571852	0.169617325180364	0.0139664406562409	0.16708808130313
-0.0267925684901732	0.206900653321422	-0.0144002605678937	0.169546105987865
0.184828150348601	0.21333570661026	0.169064492100286	0.167938897939666
-0.0527774100210402	0.174923598114838	-0.0570377877014787	0.16880677448256
-0.130659840267107	0.170012921080479	-0.128766644467145	0.169120843159177
-0.0855893229417989	0.169684110729802	-0.0861871837424623	0.169401119323988
-0.111608995185053	0.171895466003182	-0.113733621140904	0.168593612801512
-0.0510209301297983	0.199297026980872	-0.0578513410281575	0.169621210516559
0.0621553282463001	0.179429579891402	0.0695471114882826	0.166784595611721
0.1709538089397	0.193859545729989	0.16923802357573	0.16801169156884
-0.0312433096331834	0.170625888263557	-0.0288208670472714	0.169627942057192
0.0413300828915334	0.214830625372396	0.0292658100533862	0.170859664343544
-0.386031668166638	0.170493451392077	-0.385460085531107	0.169567425691272
0.0898943465820007	0.194039431950254	0.0738545835101342	0.17164881882949
0.169475975194339	0.223549621060777	0.174350685665049	0.17043656988717
0.210216000933115	0.179685374057477	0.208279427697574	0.172431750151102
-0.301420723571164	0.183674328791559	-0.300288485534888	0.165618763075184
-0.0738016694298635	0.182030003417069	-0.0691268711381788	0.166287897347687
-0.158356451440005	0.169572638972454	-0.15792306909405	0.169445797951385
-0.0812897502954162	0.180318734336284	-0.0807765433381794	0.164123628476867
-0.376058077126691	0.171223501903173	-0.379744991150887	0.16831916996734
-0.0742374025364589	0.174109594100207	-0.0747923899024575	0.172646778192506
-0.00242294330352139	0.17321010654917	6.59489062265495e-06	0.167378643930135
-0.179270890523615	0.220381474806447	-0.164169981166121	0.172596940981779
-0.0568874488035667	0.186078823640911	-0.0462177999548303	0.175014677542068
0.048412110790618	0.19109973138321	0.0455498270409462	0.173843532887738
0.141270039794233	0.217989126666958	0.14034716659212	0.176103924985886
0.290828242899068	0.189295264341828	0.286290268817435	0.169486501114745
0.0300315102520189	0.171330010681147	0.0289968229268599	0.170143250425122
0.0161195005174132	0.196378485364047	0.0139025226361381	0.166693954142182
0.0575674370717383	0.177635332023109	0.0712037390143093	0.168705422948292
-0.187127142240193	0.215581972653204	-0.1536227529853	0.167204762542304
-0.0551018332755906	0.183988121685346	-0.0444890929759097	0.17204229789705
0.107830667380614	0.179176465110587	0.1064526073941	0.174027551813458
0.00482591966262252	0.212878786932419	-1.84044238832461e-06	0.17102871861268
-0.250471927883897	0.201532562358359	-0.229229869251454	0.174629838654999
0.0148711242056683	0.169937441532994	0.0144230288695794	0.169768756866657
-0.0939704701353409	0.175822068803997	-0.0919304378174455	0.17463789585597
-0.0950774355558676	0.182970207675206	-0.0940372181208034	0.176439409892454
0.0251644615176722	0.168184139383365	0.0275189281254291	0.165860033206362
-0.0142352795698823	0.174200275194119	-0.0149077215398194	0.172322977625238
0.0863528024659377	0.169938762639873	0.0866688384898711	0.169858082215342
-0.122108574060547	0.164952743393886	-0.121721573272875	0.164528607927366
0.453611699661777	0.197691526366582	0.442061145553155	0.16704963354188
-0.0691103910681797	0.217722123026066	-0.060271580714901	0.173231064123487
0.0167505037185948	0.17979313740246	0.0137669997373283	0.165962500409434
-0.116741776743614	0.171939324071205	-0.114125311279947	0.168858154864197
-0.206181149500689	0.20544548772071	-0.205749055105387	0.171417017134418
-0.158427411396887	0.204536991075603	-0.136730401174099	0.17399849695531
-0.191185954176286	0.172397108033681	-0.197469303710661	0.168074281772462
0.134792930974555	0.172906465991629	0.133097632176918	0.171803315358073
-0.0132205006395736	0.177436480196856	-8.7706635667601e-06	0.172252259223681
0.034766888690232	0.177675595103955	0.0439600009641506	0.17098487849942
-0.151429525382607	0.173401897869117	-0.150270127787443	0.17311827627049
0.207694293616206	0.167828828006388	0.206409556036328	0.166067132574148
0.176384059367482	0.200076928038786	0.144576385816187	0.169990713527002
0.106907180384606	0.174990172587691	0.106278627154195	0.173890680876724
-0.370622977406457	0.1715371257963	-0.373755957300111	0.170126345072618
0.1150357033306	0.169771566946109	0.115280105913582	0.169699758161841
0.116882231632006	0.172272645336474	0.117262189052427	0.171067767245464
-0.0636699974913248	0.1770768333176	-0.0671646429408627	0.163922438194685
-0.0300800218296275	0.168954948206192	-0.0284253239589505	0.168513815001876
-0.412474233373393	0.175280801613972	-0.419004566353089	0.173651296562383
0.0408377926201733	0.171330706563068	0.0427364838925466	0.168694468311256
-0.0408934219606598	0.168397814627142	-0.0412522149233372	0.165828183340088
0.124988785946006	0.195362772981756	0.107205762693263	0.174584134136424
0.0434096997625521	0.185719421871431	0.0148159691558243	0.171927367811599
-0.264923720505261	0.176524089381027	-0.264358304891676	0.17618528238824
-0.307205069895056	0.196310137860909	-0.307994286762492	0.171534154153125
0.0292986448451623	0.188717321442211	0.0287578602289463	0.169452452702553
-0.0847909939753395	0.171051967850032	-0.0821029718968349	0.165449361724108
-0.160839059493167	0.177642459845759	-0.162224741638579	0.171631831449739
-0.0288266049889335	0.185587022221728	-0.0279600482884851	0.167175944869705
-0.171751896638597	0.1751369607508	-0.176038210812564	0.171224820608252
-0.0794635189032678	0.179330546828739	-0.0873788428141535	0.170516957830852
0.171507894894622	0.170706623853882	0.173687917051286	0.170142543660928
0.0989802275461614	0.175889130893224	0.0996252093028614	0.168660729495787
0.191267669759109	0.171135869876056	0.189227197456487	0.170625873899453
-0.0645004698464589	0.186728810188081	-0.0874552846713085	0.170608619387945
0.0265562224816979	0.17488644887354	0.0303545622320277	0.173810696179243
-0.0206860673931697	0.170612848783755	-0.0142321017440267	0.168592984076275
0.142206467547731	0.185785029349455	0.143780596934154	0.169548744939708
0.0133368705546354	0.163540836111395	0.0133335388857457	0.163308779851246
-0.124632492522126	0.204668954153069	-0.112573841031439	0.167765447625288
-0.0407118635789979	0.210335256867662	-0.0425359705787526	0.168309573483853
0.146246347988343	0.177316519454797	0.139561174097988	0.175661154846622
0.178665387026836	0.198087402415095	0.198779345637822	0.168627621949818
-0.269248522472529	0.19045816462487	-0.264973965983356	0.167300205197935
-0.146584382844996	0.171898170990365	-0.147358237890536	0.171540365004354
0.0135132520667983	0.165830414597779	0.0136926990750822	0.165472436844697
0.0875317827316346	0.179160323067298	0.090745375355138	0.173570033162029
-0.151193884812196	0.16996789200042	-0.1535692028049	0.167170367671531
-0.286292030448417	0.180366993898395	-0.287149838897735	0.173923003549789
0.0470061516140238	0.174978807853089	0.0459424462660273	0.174540941574097
0.0302365189699908	0.193180711937511	0.0423029491361064	0.167871025391042
0.164975604922678	0.192175332050465	0.167085829319205	0.166964472780225
0.0238588293299097	0.184926905485949	0.0300835223356635	0.17310172159234
-0.00482291008075145	0.196046719330723	6.26628374338703e-06	0.168721112710797
0.0121918810120172	0.1710475720177	0.0145091397863733	0.170213042249244
-0.372520341979941	0.170015456553389	-0.371357416834525	0.169590532613354
-0.305985616703385	0.189231577045386	-0.273185365049179	0.174242272188908
-0.0663408852363959	0.188151951469767	-0.0697587419043272	0.167026743780484
0.0257936627535005	0.170687212927945	0.0279231578720176	0.167100417649063
0.196843119681299	0.196786700968868	0.189289657319408	0.170639614437826
-0.178415435628247	0.174552523209201	-0.169947789658024	0.168357573497208
0.255093971835621	0.192006367873854	0.231182092154476	0.170094467037187
-0.155309643312408	0.168267958542457	-0.154256343923474	0.167535970475237
0.05477752123324	0.214794997597822	0.0567025353492424	0.168306429455074
-0.0338148975250507	0.17501691966497	-0.0419757331950259	0.167274432170697
0.0780601183716768	0.179369825865442	0.0725051209986346	0.170155949556533
0.0991854541726913	0.168879144612235	0.0995857112878498	0.168636541506908
-0.131681959622509	0.20245548538367	-0.128118625441194	0.168716211647653
-0.0446178036220255	0.200438532729872	-0.0586516687790357	0.171051004992287
-0.0676956857283331	0.166950207685412	-0.0683030046757728	0.165301598172096
-0.0700107449945817	0.191853561197463	-0.0614787138854348	0.174828341047088
0.152368947966149	0.18595101089683	0.135826221198649	0.173439525377981
-0.335424657875924	0.192633512005366	-0.327981455181362	0.172933816910986
-0.0144359430977974	0.174430115106356	-0.0141708262611827	0.168281402887453
0.351160051660266	0.181161121516208	0.331864308778934	0.166764553561667
0.19593979887007	0.174527961254618	0.195988387629619	0.173505276559914
-0.0247118161083572	0.192787999776582	-0.0280729988565124	0.167507230865818
-0.110987771562461	0.167972971254654	-0.112356235725033	0.167600949592161
-0.0457887491885098	0.171991043937045	-0.0443248011939257	0.171659702492689
-0.0711167845786798	0.179555600390415	-0.0689859411718774	0.166113128545755
-0.0330515190257666	0.203064726529576	-0.0287179779355232	0.169397889305295
0.266441817213663	0.214434921035398	0.262752245959045	0.180582093604137
-0.287256947867493	0.184658283510279	-0.296110887465206	0.172276858741466
0.0853537818323599	0.173106235140282	0.086119297468072	0.169344018250632
0.36236617327932	0.18306773807566	0.361941726325427	0.170661857405258
0.230672387333952	0.212526220519668	0.205714655279073	0.171406161839709
-0.063433071463599	0.171458793372353	-0.0703016080470524	0.167637287134794
-0.212048322666822	0.173800924537378	-0.210220144635047	0.17319013565031
-0.401559224697001	0.178201668667523	-0.413984623546634	0.172604478798334
-0.00744780232266569	0.181489453747134	-6.70530696716167e-07	0.172544007194166
0.0436011301021492	0.18500192050801	0.0448569135957218	0.172609023779729
-0.330749596793434	0.175592994236955	-0.321519853270614	0.167629399313398
0.301794254839353	0.173956704818067	0.301788667520469	0.173828941770395
-0.202854404348542	0.186709993898108	-0.204637712069207	0.170989272090622
0.245366210229561	0.173473403110272	0.245187084459451	0.16998029014845
0.0299007534255294	0.18122016576998	0.0430774505325865	0.169344149375796
-0.0954184560791396	0.181966300210198	-0.0981176168742922	0.16743404768571
0.16639697806645	0.185006680132549	0.18497490423804	0.17526533866325
0.202547033113235	0.172335736236606	0.205885821386484	0.171501910081789
0.327358611601368	0.180085899962306	0.329548787756159	0.177189789374856
0.065112411658416	0.218254511286353	0.0733179695226107	0.171063362140414
0.166576377573232	0.202542543098797	0.172007338916703	0.169350468619619
0.0479481146728341	0.18332953147672	0.0414834998248719	0.16628784612907
-0.0889701296329982	0.181684306709104	-0.0870863733779117	0.170243447058979
0.100420165592665	0.218876097251548	0.0991335546209985	0.16826168579187
-0.0689562314610396	0.175267977505166	-0.0715475594868086	0.169080391402008
-0.142856469553495	0.173252285690506	-0.145862620083545	0.170718937235647
0.0977913129217519	0.168003186618261	0.0979316159723624	0.1672811462075
0.213317102061919	0.169031182945394	0.213271906018066	0.168766085646414
-0.357944421093265	0.173472711825439	-0.351328792183346	0.171547439440483
0.0569831917099576	0.190357979379757	0.0557061181437979	0.166860951899979
0.123489224330827	0.191227284072332	0.104103239569116	0.172210751281133
-0.369202378945534	0.170160026353965	-0.371583948696396	0.169645866649531
0.0480909604161028	0.19240808767178	0.0412095344999239	0.165759072343592
-0.0142515898345634	0.177061145749377	-0.014200635107766	0.168441133652693
-0.197675253061136	0.179830439753176	-0.198347543611228	0.16842744823328
0.0245082331844583	0.176329598993672	0.0278369208567135	0.166820935592579
0.108371395182372	0.214087115929339	0.142764868133966	0.168990798609864
-0.014945725879315	0.174379466157382	-0.0150918323102043	0.17333148538811
-0.0573940080901953	0.166765321462411	-0.0547271874694812	0.16544325569096
-0.131712343290917	0.173961154909424	-0.134170937780643	0.172464915478199
0.308235379868859	0.168981221835885	0.309196943037249	0.168035040262104
0.287903119086622	0.172884899936754	0.289310357389808	0.170360650925659
0.105365113397585	0.200491227753597	0.103413404539872	0.17168308620365
-0.198481718230237	0.209798344731364	-0.178397443186001	0.172320109264959
-0.0993847612460648	0.169743345640761	-0.0989384710484972	0.168106483926401
-0.0837280667286419	0.176692744991946	-0.0987435087165703	0.167963762574269
0.0111252535748293	0.172107476385156	0.0140329812845937	0.16752438319091
0.0426499179624567	0.166957315207292	0.0414491304743864	0.166224251525864
-0.181181224678324	0.190602677479466	-0.179055115541569	0.172584352219808
-0.416812831959918	0.203838525283889	-0.416873050848666	0.173167000241427
0.222461484189382	0.197271359477257	0.185176423381372	0.168862784480944
0.0530704395937167	0.172969645150649	0.0431510837520361	0.169517581170554
-0.0597608319797367	0.175257291116423	-0.0613650476983068	0.17469532694942
0.231665932266731	0.180977099342715	0.224878045269524	0.167850201198019
-0.0118816089060175	0.184787798446943	-0.0138780727026689	0.166546134824276
-0.0496762979128676	0.173855924853921	-0.0588947817906951	0.171378386060013
0.0197505675413415	0.175430574439001	0.0140833851587266	0.167869640686586
0.013725618866929	0.168985235029047	0.013938756688365	0.166947279221494
-0.053694585855345	0.195216833502167	-0.0730950707316454	0.170805190513833
0.0152369530955446	0.191345341655333	0.0139610675714883	0.167022294363011
0.1639372278248	0.188620841980775	0.162317558079223	0.171676136929996
-0.000469968413400489	0.172539196254376	-1.48788437718358e-06	0.170880843384338
0.128875008680145	0.174721647722736	0.135337443254126	0.173174073889054
-0.0585356106707997	0.171347721469305	-0.0588036637344	0.171254085643711
0.0471596430268088	0.197555944581293	0.0556233160201959	0.16675298787114
-0.0538080765051296	0.207681387823117	-0.0577396320175529	0.169784751432216
-0.142796741232334	0.170364047813148	-0.139251280075206	0.166966334776178
-0.147611256995966	0.202384569664759	-0.150114497626547	0.173026829749054
-0.0957733695504024	0.212026411756111	-0.0889565451460554	0.171973482876382
0.104440091014681	0.175939167528556	0.112070224640472	0.167389584858262
0.132141677759055	0.1876402071566	0.13284969724543	0.171661966066829
-0.225082769816473	0.217105553436311	-0.215695661330214	0.169679377443888
-0.134014571834068	0.171544940970493	-0.1314610746517	0.170813229799674
-0.175236160550826	0.178931622082144	-0.173930712493594	0.170240161786091
-0.0932566739185322	0.216041397261904	-0.0909425332619119	0.173736848227065
-0.0940944982429407	0.165691727102594	-0.0954276375363813	0.165159699631262
-0.133127956720921	0.212446445338057	-0.123623483015103	0.165800483899192
0.0533841533944367	0.176105172895017	0.0577661933588366	0.169825111544479
0.028782658488624	0.19514220832965	0.0287946731615732	0.169580726213716
-0.0716079850983373	0.171359592708114	-0.0716504325432155	0.169185785201395
-0.0368090884388599	0.189436182554737	-0.0423917635240678	0.168049343525629
-0.180134152353352	0.178267196314251	-0.184955132240243	0.175253673293284
-0.0874576516756009	0.169387573097657	-0.0856867373296752	0.16893481623305
0.264306485991892	0.181638465966895	0.263373647306795	0.171215822978056
-0.0175434673873967	0.188654298885058	-0.01441999383038	0.169699527175814
0.243483741268731	0.185613579770681	0.228652598533045	0.16919552350863
0.388579636516045	0.188306725615875	0.383086722292276	0.169084227897141
-0.258089824684862	0.171037523077769	-0.260727773765085	0.170364877030313
0.0411456564428941	0.184040082305589	0.0408981851918121	0.165108365798174
-0.114638661279766	0.169147947998433	-0.113042467347346	0.168096808750202
-0.214800856506864	0.18898477410254	-0.217656664865964	0.170436480522451
-0.389318495663931	0.234995387899351	-0.372736627044691	0.16990734655124
0.169914847790332	0.186345562992968	0.166776182256623	0.166809587121237
0.16858321014438	0.180869273841367	0.180429093200143	0.173213968742059
-0.29445185216657	0.171362577078711	-0.291354643202065	0.166926759981342
0.174579841887172	0.175670130403467	0.185184522054968	0.168866081487739
-0.162601331484825	0.171618719063886	-0.161621269599495	0.171324781869689
-0.0342330304789515	0.195072421846939	-0.0306083012981698	0.174506237283518
-0.131357582137947	0.170970875615683	-0.131275323219566	0.170696284352712
-0.133519573011706	0.171608023417274	-0.132007965182417	0.171141325996914
-0.169988111455843	0.172690890255178	-0.168341999604354	0.167590086268253
-0.023712891932214	0.173148218440414	-0.0143897902471848	0.169527614798999
0.0699815764500256	0.1889180505437	0.0739370080313036	0.171727350216857
0.133860646525089	0.169951351660803	0.137503934002628	0.165904934659496
0.327642800716522	0.174609727885958	0.332130307346109	0.166853541063422
0.0295826565180142	0.172252581762562	0.0296365217671691	0.17188075901269
0.262330977332708	0.253398528772522	0.255110071273094	0.173231525964082
-0.123666036358739	0.172395802771948	-0.126261111782744	0.167530625143454
-0.074213917237259	0.174652056994917	-0.0742297470239894	0.17205336988891
-0.0442493048092099	0.177463949636334	-0.045276494308551	0.173329026388692
-0.103309235569975	0.191957609607059	-0.102830436941447	0.171234894765709
-0.174651540416006	0.173147093960611	-0.173138074990725	0.169873026956617
0.140888372761446	0.176424888303434	0.144980173980038	0.170213987203827
-0.0652805890016961	0.178577341127292	-0.0572332947590985	0.169041573934812
0.268805021168647	0.179552604899881	0.249411424577326	0.171399089832149
0.0808450304705752	0.182607985669757	0.0707108792056092	0.168132698924826
-0.261770971948497	0.184355095460015	-0.259182833896023	0.169907326229676
-0.230661501073556	0.191650275699927	-0.226534032284259	0.168432397291466
-0.386625458954952	0.182182953049743	-0.385378132573642	0.16958865033214
0.230674676176627	0.168234123328982	0.230699992787421	0.164963282798837
-0.0248616497482518	0.17199268959728	-0.0292003916764079	0.170709941697115
-0.192504631469278	0.206981721362222	-0.191586903301543	0.17160584642417
-0.352446682199727	0.170392571445741	-0.352563669947142	0.168476637819909
0.407449102509784	0.204434270787608	0.415652970980142	0.172928334452173
-0.0338307336852651	0.176496504653841	-0.0300197835683443	0.172917033657684
0.111183236287134	0.169608638732171	0.113811329500269	0.168655897629581
0.0816987876332878	0.187535239649441	0.05904566034612	0.17160133458601
0.0855009023161568	0.185786903962257	0.0761077563317483	0.174059137358568
-0.0547375777744922	0.165575419936806	-0.0547884223447519	0.165499571628059
-0.210473494924565	0.171666363646676	-0.214292942507062	0.169162158327455
-0.185271252523795	0.177300130403657	-0.176960572102603	0.17164351909701
-0.0178226934649324	0.18699848225365	-0.0294257041462598	0.171297706137627
0.0429307521813382	0.169566044654811	0.0431442094053732	0.169476825048325
-0.0780731628059374	0.183991501590953	-0.0782555060775376	0.176320950699331
-0.0900332049598486	0.17674569586052	-0.0863749683502155	0.169575384401082
-0.305354638931716	0.192326406589833	-0.301307084642569	0.169722932217355
0.0855064638382237	0.169250450278776	0.0845076475880751	0.167822604645634
0.224456682650437	0.173041623310865	0.221884173460484	0.171978600837131
0.25258471330802	0.192541362241154	0.280975674768844	0.172129102938711
-0.158213527734305	0.172055766589991	-0.158752334254945	0.169857337848582
-0.272924509031023	0.185269734900582	-0.271085874058337	0.173561379497355
-0.0545176893096654	0.178375864879577	-0.0549637235393182	0.165782192186724
0.200176449006656	0.175522680388653	0.199793219975469	0.169038355557231
-0.138314408152632	0.169655554009559	-0.141738090610248	0.168384041324233
-0.0146536024191395	0.168625843628165	-0.0142119261010794	0.16849784418374
0.0849364899827244	0.246517292161989	0.0607378660947613	0.173873185445666
0.0583839550320956	0.170196813940714	0.0578737804014094	0.169964007013786
0.0700527656889895	0.170578057414161	0.0707752946728291	0.168204004882128
0.0221186713848765	0.205511411237886	-5.17263438397087e-06	0.173114544928445
0.0583221403286149	0.170399237251574	0.0565702061216312	0.168098618506425
-0.0155439132515408	0.176575795010056	-0.0147515828710869	0.171487537780663
0.180705709484286	0.198420755622986	0.176661612398365	0.171504839383192
0.223545201148236	0.174639649129087	0.22897626615661	0.169317779790015
0.132498534770296	0.175086588398889	0.13093755642136	0.170493995288421
-0.186644326055082	0.174565245273172	-0.184798428593594	0.168679324312656
-0.0287727023528737	0.193367713840978	-0.0296079832098384	0.171806368314832
0.00977052689272734	0.184278186751898	0.0140290145138346	0.166776814791593
-0.266925918137742	0.176504455113277	-0.275024621067777	0.174779397497107
0.0576113236159141	0.169635507112341	0.0576320114386089	0.169630422576723
-0.0459023443624006	0.181678165751378	-0.0298827134255941	0.172552868545311
0.217289143467793	0.175519033845532	0.205915399795567	0.171495091345086
-0.062642416119362	0.179952419651798	-0.0583287237107669	0.17057401359567
-0.264929770832875	0.194586310923926	-0.285239556492675	0.169196292466726
0.046052720241743	0.178409485705055	0.0462540496095749	0.175093688468698
-0.00126558751612741	0.175066171643275	4.84773398071733e-06	0.16907348384472
0.194991565299738	0.167105034659688	0.195083468294913	0.167081059561211
-0.0364036515835401	0.173448573885797	-0.02849937780455	0.168731874127319
-0.0442569379621615	0.172008528114276	-0.0444363659576313	0.171870745729513
-0.0738502880506319	0.182110908715583	-0.0685557922596117	0.165606086715374
-0.168779467175703	0.168533082408117	-0.167677519251129	0.167265083702493
-0.263118000506551	0.172668174257298	-0.26096407095377	0.170442146869505
-0.384800611472925	0.177280147520649	-0.382860160612475	0.175323726466338
0.234193974872424	0.18897444409452	0.243752030724527	0.174432802405204
0.0457920546572378	0.183357361933963	0.0284180910413205	0.168504326508018
-0.27608937865742	0.170585082551766	-0.272455666257668	0.169579646171346
0.155395454253612	0.1770578106802	0.152591317690535	0.174357847310146
-0.120529964955809	0.176588715150226	-0.104855996191369	0.17284867456775
-0.118184124762351	0.175703130518624	-0.120891088109454	0.173525254926047
0.214759479343555	0.186432568144507	0.210698105725028	0.167769295669136
0.0357513928816323	0.179412579919479	0.0422366764813708	0.167748580034996
-0.00648359513959273	0.201894186291752	-0.0281276937415822	0.167694730108947
-0.236921279456185	0.172117231576182	-0.23676073848353	0.17206220361057
-0.283055736054773	0.175772457089251	-0.282369549466077	0.172522445293293
-0.387858836966465	0.170161668475289	-0.387190332469609	0.169941740340901
-0.131521688668416	0.170847611554664	-0.131452360904795	0.170798871002424
0.168617932767184	0.193164134833093	0.148925273610485	0.172408432135934
0.0314046172488877	0.172376916112225	0.0295821593259819	0.171735461286306
0.153916959917539	0.172339049655862	0.15644024415159	0.16866931694046
-0.0156212327258289	0.173136198897457	-0.0143774447363244	0.169432007656509
0.0957394461315825	0.186412648478406	0.0966100774780973	0.166172512215527
0.297515681236443	0.192521482297434	0.305312427098431	0.170822518331185
0.208604296879583	0.1773918387568	0.199102455634013	0.174752287767607
-0.321656247404347	0.187721615128349	-0.314981790076158	0.169598556461046
-0.011707449418246	0.187796142998078	-0.0146691165823788	0.171074549867861
0.0144814324430273	0.170892533396695	0.0144035854067679	0.169610970785896
-0.190701901796514	0.171411454901841	-0.189825801307429	0.170858891078442
-0.095175177443325	0.182707432969153	-0.0881272466380958	0.171209045878657
0.406165867973531	0.171328123362616	0.408419027477492	0.168570200532999
0.16745184005301	0.173914041564523	0.165302866848487	0.173174809285585
0.125812029192638	0.198072496650939	0.119794256955422	0.172791149147883
-0.00117140871940716	0.195966073757283	-1.81927882306475e-06	0.17522727335348
0.0668630477536433	0.174223367883821	0.072649720206494	0.17031814246977
-0.204980648266393	0.183290023781295	-0.202346630228636	0.170073957157507
-0.0118052358765862	0.188386565487056	1.87569669513029e-06	0.169307300067319
-0.199269693839546	0.168855433653438	-0.198666480519676	0.168569721369163
-0.233907986973197	0.173167191400352	-0.230715903508124	0.169954603300901
-0.241768410558082	0.190568907049049	-0.233746746436015	0.171002211076697
0.382258950728788	0.184210476726012	0.382187842556694	0.171993153335943
0.246291277814651	0.176738454664084	0.242186881197591	0.168987578640217
0.165324322265241	0.181128254049798	0.166374829274287	0.166618835466511
-0.100758132232592	0.169289285932237	-0.100115499418455	0.169060437409853
-0.0705455830258471	0.172877611108477	-0.0723069537968105	0.169928793214081
0.0579268337566511	0.167771245816264	0.0558776667498503	0.167113025850808
-0.0718757484866851	0.172551620019329	-0.0711975986837159	0.168687416447545
-0.000884269358915866	0.177290799635007	-5.63249631169408e-07	0.172461265322249
-0.13172043028756	0.205828529144747	-0.12531672001689	0.166918135733026
-0.16456978355238	0.174093129197207	-0.163137895576559	0.172086948392916
-0.0139665461394051	0.168810391484707	-0.0141572351066394	0.168173131484728
-0.141147672716612	0.171605817619729	-0.141913628306865	0.168485033537844
-0.0408666152811263	0.164975342754862	-0.0401800935279548	0.163673305027853
0.014006407386773	0.168305262708463	0.0141594594284263	0.168172091202546
0.0424545371234268	0.170430475016314	0.0434214746332207	0.169981916998026
0.181119389387857	0.192422412319894	0.176650196879188	0.171516567967658
-0.0416932315618231	0.171387186303478	-0.0421990720156568	0.167697424205831
-0.112064251108762	0.171248330819802	-0.110636677323848	0.166348759028927
0.302504793183581	0.171016821644527	0.304350570011122	0.170560195565907
-0.0284178316034941	0.171991087315786	-0.0288828689541254	0.169802051368357
0.0415591822057509	0.175429730975332	0.043951042623778	0.170961802850216
-0.200374579313937	0.171551690433295	-0.202416994655309	0.170091842110739
-0.189765397518892	0.170973001610711	-0.189038682166243	0.170536825327911
-0.0623174691644437	0.180760663250706	-0.0580819372657797	0.170262174628915
0.0844727765411248	0.208604503782348	0.0885650296795211	0.1716026936882
0.0255658535394014	0.179151210573768	0.0284337179343185	0.168519021616311
0.056863635123102	0.171987217183443	0.0589295212140595	0.171415622730387
-0.351613290820586	0.177527033593049	-0.351197026499245	0.174984165165224
-0.106779495394591	0.203489308044351	-0.0997703244886964	0.16878277398161
-0.0864322020490962	0.177947414573515	-0.0774854603276076	0.175524713696574
0.26139434919891	0.180184758136504	0.269723145616209	0.173176605576977
0.171189777715501	0.183192915962578	0.161618944731301	0.171323500525445
-0.361833280507685	0.186441729947357	-0.350458984416973	0.174782199967086
-0.180307892423992	0.192822524208005	-0.197504014241258	0.168097560155475
0.129158858391107	0.190505222021796	0.125213057832576	0.166864456913307
-0.177677345994064	0.199352533545287	-0.147645542502448	0.171694088077664
-0.209849926156429	0.212026737364101	-0.203506936675139	0.17652738443198
0.039748501335221	0.188774191163661	0.0454459011839048	0.173656466207603
0.177670653282364	0.184992377519379	0.161182978640692	0.17109513817142
0.0293194248273222	0.17240396572515	0.0297823266851724	0.172262842941274
0.00486320106541977	0.173335291665397	-2.81346334560291e-07	0.169717782360986
-0.104351753369366	0.182836545422964	-0.0889611458257154	0.171950509293915
0.175594134939212	0.185543373881318	0.1650259228038	0.172999884210052
0.172008333956516	0.211555825734626	0.165955973505589	0.17346320975125
-0.257112419805358	0.169184042844641	-0.255466396941106	0.16871703022145
0.0491533910152701	0.193749549175194	0.0565057798161294	0.16803615820741
-0.0454061021573439	0.181499821014135	-0.0572384554303756	0.169068613424057
-0.260258978777735	0.171440811237471	-0.258579970329826	0.169680286597489
-0.573324536674758	0.176688887614534	-0.56131677626624	0.173232310379115
-0.0461878632540527	0.168857519904813	-0.041967034787024	0.16723849984951
-0.100440830024642	0.170572638712677	-0.101040274555203	0.169809592879667
-0.129820461120932	0.19201276977947	-0.133539700107745	0.172086445499453
0.210962282189992	0.187702532447452	0.211172655645451	0.167955561928661
-0.0534598033576216	0.189075329863939	-0.0426260198982031	0.168480808417859
0.0548793754339739	0.167689156259693	0.0556921581589037	0.166848131002085
-0.00605263305104859	0.182079328795809	-3.44359360669768e-06	0.171480606673505
-0.110308583110722	0.196909762657457	-0.100267335844955	0.169169213939331
-0.0501647343804951	0.173478996348166	-0.0437442467667111	0.170558805182388
-0.0619149649080583	0.175795590196188	-0.055337144647247	0.166326451867908
-0.0627153854065945	0.187537960260016	-0.0707938039200617	0.168228335289754
0.0240043985957553	0.179323279770248	0.0283116060032997	0.168195045909738
0.263146390931765	0.19184333335574	0.26541045485011	0.16743801974037
0.324378653576823	0.176068301399962	0.324701038369011	0.175911223688197
0.169183274328541	0.173736000784149	0.163864388259744	0.172448110006262
-0.257506557673733	0.179844394286376	-0.25261809671008	0.172442769869088
0.387043354504949	0.167669145234778	0.386048464028184	0.166720726512119
-0.133262980379082	0.177025011779985	-0.126468863134419	0.167656664676483
0.0364363855652995	0.17534361229378	0.0302298577279585	0.173505188219822
-0.359620540324101	0.1820864057348	-0.363867470290907	0.171105270488741
-0.158909372332769	0.170826898968884	-0.153205492237364	0.166974857851755
-0.188122637992377	0.171364698212211	-0.189800589732792	0.170871326436431
0.096507685353407	0.175051695173225	0.0869209438449556	0.170090493387624
-0.0684078228464953	0.173614832869769	-0.0737945485410581	0.171593816369932
-0.0543707914511064	0.17025970322833	-0.0572433517943805	0.169077555205185
-0.0362506387890845	0.177513560980159	-0.0305750225366265	0.174389961638192
-0.250053319481018	0.172408483803309	-0.248377745284744	0.171054344931658
-0.399046289702383	0.196890020343424	-0.39115117328234	0.170791141703987
0.0270067331118811	0.172145270066375	0.0285063828257137	0.168751285949909
0.202621235807605	0.189595199472793	0.209251510231854	0.172794039357436
-0.0931808813337172	0.199807674584254	-0.0714487934596089	0.168974429096667
0.214830399671033	0.169173644019547	0.213271454198526	0.168767929995138
0.245591956163393	0.172757634947297	0.245073902990152	0.169967902825886
0.0810812291464957	0.198127365832814	0.056639409857801	0.168238169269209
-0.00152527187750959	0.183216255087328	2.14635514317342e-06	0.167966631992762
-0.339541323048532	0.174794105696434	-0.338361931298878	0.171889346233532
-0.00056990725778009	0.172737143694237	-2.75803472114346e-06	0.172573628749812
-0.0516260490561423	0.192618566797928	-0.0700952730357527	0.167421465248529
-0.178501676649359	0.177499703148181	-0.167742086222625	0.174334203169099
0.0315525631114313	0.171568677491747	0.0291585323240869	0.17058532410262
0.119847405596117	0.173182887008522	0.120098587799319	0.17301506577623
-0.0977668059433805	0.177023771203632	-0.0981688161306898	0.16746918071857
0.0716420864279721	0.169850482558901	0.0704989521491282	0.167891793978463
-0.380278615719289	0.202452169605996	-0.389140660218022	0.173504068178511
0.123247114845346	0.173771315051199	0.13095788165054	0.170492040354484
-0.0524817556519642	0.178530349158703	-0.0567598919800899	0.168402342454521
0.0443806313765768	0.176111364482833	0.0437627326297535	0.170615140432107
-0.18674910918017	0.181589713062496	-0.195938001082956	0.173456941738022
-0.220794646567182	0.222938666716372	-0.205755159658151	0.171427668333046
0.103861384122615	0.171407470545263	0.101758192103971	0.17037876703067
0.11235549012012	0.169231131127587	0.113067083036532	0.168117299151895
0.172268752329927	0.206026710246432	0.16851740717025	0.167665986587687
0.261250231018662	0.199610473410927	0.254943394315374	0.168547290349866
0.124006717462748	0.193744156886703	0.146671401828981	0.171171421494292
0.0933201014010149	0.206820437401287	0.0972904645461814	0.166734019215331
0.302474909364806	0.171245548995528	0.302540945079366	0.17006836675079
-0.263193808300917	0.22577010175674	-0.247597680090972	0.166117635110346
0.26507646101509	0.193678465321321	0.261538345727356	0.170647143307841
-0.0167471454955153	0.170226806866729	-0.0143832423225952	0.169482831053132
-0.0317369744129072	0.200469936415709	-0.0577370037530072	0.169801508949439
0.0835236482153053	0.183290145998297	0.0710163667541145	0.168482359171979
0.260143490070832	0.171274854262162	0.258388303656148	0.169648304917817
0.0449826827717666	0.206502961921498	0.0278206841863037	0.166779842950797
0.235776930206525	0.192537433365303	0.215621724392225	0.16962080881886
0.25329257750104	0.168475179466368	0.253840506832293	0.168189003939099
-0.136220433349148	0.173282971569431	-0.137495089709731	0.165903303801045
-0.0652824110923464	0.198836396164777	-0.088094892282274	0.171172527161402
0.097348363889914	0.178585857880827	0.0980081441046494	0.167338412255532
0.116424130802075	0.194529536160588	0.107025103800073	0.17446624872542
0.182353731729441	0.185384878086375	0.153015025739138	0.174611355960325
0.154798440594049	0.173751567243009	0.154820004097182	0.167829426686157
-0.0286409079895018	0.171735339896391	-0.0294946563948861	0.171496349648299
-0.175998165150653	0.209935461673248	-0.1591393687172	0.170073610826131
-0.0126095632851199	0.180688338458354	-4.92417125403044e-06	0.173751803491288
0.338851954962332	0.222894319465001	0.323195360524507	0.17172141991038
-0.0574718350277924	0.194138584642827	-0.0441881300740957	0.171406138812637
-0.242655315024812	0.174764926797798	-0.241528307858956	0.173698992771944
-0.0449124245007341	0.202130168462607	-0.0413470082405699	0.166024007578987
0.0394536710125267	0.178168136113408	0.0421138388067899	0.167514361593861
-0.164503335328348	0.17266376108936	-0.164156720689107	0.1725733427035
-0.354678636623221	0.190958884641017	-0.354866763645666	0.169016427855431
-0.16583398499079	0.177303676336703	-0.175057380257294	0.170770656703775
-0.161327275606056	0.175328596677981	-0.156556322036096	0.168743176821757
0.182022004149891	0.184583811942703	0.192671615140195	0.172078541858376
-0.0709552652545997	0.195310295204501	-0.0581551429077434	0.17036247465189
-0.267140308660693	0.177612044496908	-0.262702764815451	0.166572470236815
0.0853062808463524	0.177446869587934	0.0878717814721215	0.170973385938495
0.172371705024463	0.173053145852126	0.175158539050139	0.170819381244349
-0.0245492962453118	0.172837050124258	-0.0276295445761346	0.166200967432108
-0.0816511025183698	0.17728356222225	-0.088353939659832	0.171403668334977
0.0653690212662322	0.199768226545128	0.0559426765686735	0.167218043393145
-0.197980359142464	0.187815822460231	-0.195794854425957	0.173384491621152
-0.188658421135471	0.204504530537389	-0.179377750377236	0.172766082036108
0.178346342444126	0.172565329427765	0.176959163232766	0.171668612472673
-0.152767228741025	0.200679839887864	-0.159853438370193	0.170441019457926
-0.0117228243015542	0.170672137746451	-0.0141593043547305	0.168158953181904
-0.318476155284661	0.229424830082617	-0.298660608451168	0.172970008623828
-0.256190809396613	0.179072784719476	-0.257295688212948	0.173923715528712
0.142909361900228	0.174903522485323	0.149752804576769	0.17285028160507
-0.334658403616092	0.17202496370281	-0.328019385712658	0.169299237977068
-0.101995820091361	0.17416016478623	-0.0993589311231182	0.168451321191147
-0.046256646903792	0.171740232615266	-0.041215080670146	0.165753817919836
-0.0420412389568743	0.170072802652274	-0.0431832898096822	0.169547622869238
-0.206621376261144	0.202999117840114	-0.20071008999648	0.169398647811318
0.000736365326266644	0.191806789113071	-8.13426666460022e-06	0.168481612506873
0.0889442433583583	0.170066747378489	0.0858258234884726	0.169073462570326
0.131419703273609	0.175496667674624	0.13495053595884	0.172934134029216
-0.186113574128916	0.186634398373815	-0.165822748102231	0.173408763341867
-0.0294966125264937	0.1758708412859	-0.0280248824011367	0.167347923875338
0.0690915721539054	0.198558081526512	0.068774203794331	0.165866450776943
-0.129638860450363	0.182198508756261	-0.12830578795147	0.168838442942951
0.449078551839322	0.182194878695788	0.463546289052829	0.168580174033077
-0.202138628706335	0.184611901447634	-0.193964334304404	0.166610635428204
-0.256432077246648	0.182134619931739	-0.24580347904773	0.165509899850343
0.0138252734148699	0.21703168138911	0.045498760358411	0.17377547926083
0.0560055167133829	0.17123375715799	0.0578434064798909	0.169951778402901
-0.188197791816816	0.2248659644094	-0.187316436592507	0.169785554992092
0.0925143385037347	0.182665942307752	0.0968877614657528	0.1663993799847
0.0511380641294867	0.20848622894289	0.0440858571308732	0.171223653225033
0.0261316649626454	0.183055912332566	0.0293641828332368	0.1711295299609
0.339325476265352	0.172202122938307	0.335616395555213	0.171196394393148
-0.179056746084697	0.185527626163763	-0.171473625015594	0.169093408083172
0.110153679080986	0.190933558143272	0.112139791028307	0.167446343306418
-0.0288655917948488	0.17562196038206	-0.0296217958319095	0.171812177034821
-0.0289949183479459	0.169546508602934	-0.0287301851269967	0.169360966181086
-0.179905742913523	0.175951919743268	-0.182233147460392	0.167549404029912
-0.304632431929297	0.170797057374652	-0.30335089282889	0.170293811098706
0.229961880544994	0.172012919974723	0.231869440833652	0.16538410607609
0.0337703254895925	0.198320542801765	0.0440454144549455	0.171121117922739
-0.198026732934967	0.191341652145326	-0.178716891211214	0.172467736747123
-0.21655244660232	0.176676080310797	-0.211315278696906	0.168012177835546
0.046221728096736	0.193208453821502	0.0290498870434498	0.170265317382111
-0.355223181841729	0.21902349186859	-0.347455246490132	0.170619459149988
-0.075164964517603	0.194804064887626	-0.0733224602206173	0.171047801746327
0.0577862621158951	0.173176233930853	0.0591220831887525	0.171692264551382
0.0856976613858495	0.184671130928496	0.0881031828037018	0.171173014347862
0.154537338268615	0.189698427671204	0.150309718963398	0.173138013816588
0.0734716594652467	0.17123749104963	0.0734741955674466	0.171232110736903
-0.102126726430757	0.185390129698358	-0.101626968030578	0.170267016967432
0.112550891243465	0.182273366455405	0.114545950631297	0.169180234145832
-0.331932448774223	0.193288454692864	-0.325584947854209	0.172302591669594
-0.0493762120158933	0.189069177524756	-0.0294029082542839	0.171242238208904
-0.0844832009115562	0.180781107964177	-0.084587600835321	0.167907771455066
-0.0357393989801699	0.191077033770786	-0.0419383963381757	0.167175672168796
-0.0988182255881104	0.168559337698332	-0.0984984357319282	0.167740276718846
-0.0299427628600849	0.170066728247582	-0.0274065764518184	0.165546126335743
-0.117590805912522	0.180466541445749	-0.119738099066714	0.172743318299049
-0.162825219731094	0.180080612203208	-0.162416961128081	0.171707496530824
0.0978183244112091	0.19835867035913	0.0968824239879512	0.16639267155275
0.116992737518277	0.177174833937099	0.115982683898889	0.17016832836711
0.0899464739447183	0.198252030144442	0.0842493536968652	0.167571675150687
0.0975964667302489	0.183665831550064	0.0991276845855515	0.168267077574413
-0.0741914253309778	0.207134436369063	-0.0454680288011065	0.173715408074103
-0.0147607905613098	0.170092591750111	-0.0138924984243838	0.166649893462864
0.00729309830504949	0.17485844785906	0.0142570450042108	0.168761377945713
-0.0584225512759457	0.170445174397428	-0.0580533057527722	0.170223416802913
-0.286795746534453	0.178909404741564	-0.28930018202975	0.170334598051708
-0.249625439856362	0.20068029765389	-0.235208499262766	0.171504843041236
-0.0353824097708902	0.18830625611458	1.66439168729939e-05	0.172424148024822
0.108333407191622	0.197135655021714	0.104781528644494	0.17275294902304
0.23021386218904	0.179799269242611	0.230535562960781	0.175112061990069
0.0585036549250678	0.179280737042523	0.0594448757729911	0.172124200520861
0.132869890016171	0.187974709958851	0.144745296496779	0.170089245596513
0.311037590134999	0.201671712243654	0.291688305222592	0.171032174543013
0.349586977327727	0.171545451784033	0.349157556649705	0.167638704147789
-0.00747143162652608	0.227510729847805	-0.0144288888550622	0.169768072917104
-0.0765727102134316	0.184155276241837	-0.0845756799200149	0.167880128130887
-0.284955990365329	0.171061947416735	-0.288248045812261	0.170064405968131
0.0866401597859117	0.189141260453097	0.0872822430303106	0.170431347790157
0.0598727484918818	0.170525174638499	0.0565306068552345	0.168059105868295
0.0421616114300819	0.179006061410712	0.0427733237033684	0.168766116881029
0.0653974880339338	0.188522251804383	0.0722737087253926	0.169910089244643
-0.0674865443213155	0.172580106153677	-0.0719606208621795	0.169547910858504
0.163771941422163	0.184546626590548	0.165865723713617	0.173450054137625
0.0648385113215147	0.185190587777921	0.0698966198961345	0.167199104117802
0.0201634242761726	0.174362682842378	0.0140474937004334	0.167500244345736
0.109600011165742	0.193927308637661	0.0855791508985181	0.168865465963401
0.195407158427192	0.193536137298766	0.211519816641102	0.168092743698758
-0.035821093126404	0.186627865608402	-0.029377818118648	0.171169499471328
0.321762786178871	0.206637243007622	0.277466666634696	0.175512723531357
0.0410349188723417	0.202011506393887	0.0415538920894273	0.166421043533665
0.0709456895529741	0.169701445795782	0.0715630341830128	0.169104199917156
0.000812914367786543	0.17145252424797	8.93296746673449e-06	0.171243037029597
-0.114971793383809	0.183494682533306	-0.110170097065833	0.165990565784758
-0.13743273444308	0.167367616786521	-0.13900473303927	0.166789148225607
0.00163498865107319	0.174679203112044	-4.2678043294667e-06	0.168431546213333
-0.0291272962081517	0.178510119906823	-0.0282701681945035	0.168052572526026
-0.0855293936830024	0.174969710921771	-0.090844736929933	0.17366679252913
0.176287733420217	0.209790905090844	0.181095951570804	0.167026556456723
0.197097669885055	0.178238043493533	0.194067342575934	0.172682358433953
0.0458997401921156	0.196160772822418	0.0424303040190918	0.168109219278955
-0.241788450090654	0.175979953066546	-0.234074037240869	0.171106063287436
-0.0470620513514048	0.189689819419251	-0.0448354280874875	0.172570173536417
0.0509424586554991	0.217275816855824	0.0422416777762547	0.167758005166975
0.0813055780250303	0.194154507216716	0.0887988042593269	0.171809030458643
0.294132153836885	0.197384092189622	0.287334659634718	0.165786351502159
0.182943990014671	0.170610271936414	0.186587916937905	0.16951645305923
0.152279950316795	0.171554379955714	0.153172287260541	0.166935713341809
-0.240505689073387	0.180998067918814	-0.230278192310925	0.169784504170976
-0.137219867662431	0.176245176184835	-0.129623102960006	0.169675604590225
-0.00348040771653039	0.211547365577712	-0.0149338089181205	0.172522073195042
0.142739564155779	0.172189091674747	0.14674039818183	0.171214147515319
0.0916491192664734	0.18789301579818	0.0928694275416614	0.175452979467037
0.165942272024125	0.168373295255095	0.166461505865159	0.166672171774956
0.385812572676498	0.183508934608067	0.379019139914315	0.171295280754259
0.0430678959672526	0.169412491923256	0.0418439786409331	0.16701291414859
0.12315208520276	0.166503711642945	0.123888761215872	0.165975694536566
-0.298843590234798	0.173172900901633	-0.29646446850102	0.17238240309018
0.134748220306711	0.171664254459266	0.131350711929036	0.170750086589145
0.219839450354413	0.176063229242057	0.225754052575923	0.173416026515737
0.122070993169532	0.179592307245155	0.113712771531325	0.168579216860972
0.181952988117451	0.173073572006185	0.176868848933303	0.171619049076123
0.0797459419015256	0.212209769443287	0.13479175212881	0.172873992611119
-0.0290318838816214	0.176922834323669	-0.0292111825520923	0.170683466388901
0.0201548397183176	0.181104664500509	0.028592687673702	0.168995097117478
0.103418840948045	0.174396276039189	0.101010736792474	0.16978186573677
-0.12241512464422	0.169662704084557	-0.126702427597193	0.167817582651335
0.0369943097566812	0.188946755157155	0.0425487955716774	0.168351875334997
-0.0282841307739928	0.169717645382192	-0.0287618737130143	0.16946949987044
-0.272275968882319	0.169653337087649	-0.27121610480946	0.169220930125413
-0.165947096915204	0.177830938025285	-0.167887967081757	0.174408159813089
0.0392793359701388	0.185760279895901	0.0276750676984856	0.166333372857221
0.100624998352411	0.180486835833432	0.0990246311146185	0.16818470800597
-0.0753432196232528	0.174910039752922	-0.0712184751310183	0.168699696578258
-0.271951119565478	0.184265721511368	-0.2619630261062	0.170780883910247
-0.323463075337084	0.165516265997615	-0.327566740559709	0.165687621377548
-0.147359055225182	0.186473027423588	-0.156958788236533	0.168956224388857
0.0141669361346392	0.173604356988847	0.0150959214387597	0.17332005100495
-0.318135733706733	0.189889520994754	-0.319017028327578	0.167001578021333
-0.0856522523600364	0.17872830802763	-0.073106550920897	0.170819129377029
-0.0383294640534092	0.174123439767432	-0.042752528647914	0.168741438273859
0.0233525554993077	0.180365888202831	0.0299762130387062	0.172787744434118
0.413172302814469	0.179640110361693	0.403877753944088	0.173510366726671
-0.0664037810208609	0.193636345988747	-0.0709293280898127	0.168385642323158
-0.0997629956450141	0.175516585375523	-0.106144792565897	0.173784402841165
0.186008639779508	0.169250523266271	0.185936240550042	0.169187521925602
-0.0808020357909332	0.164606600917641	-0.0811250223255554	0.164469550344707
-0.371659410180236	0.180139804049498	-0.364189642899062	0.174534911365267
0.00428845348402471	0.181084070582349	-9.98837513833949e-06	0.171483602692488
0.0843034274347611	0.167919743409783	0.0842586114619847	0.16757075033975
0.36744603597995	0.190345447746537	0.365086634876832	0.171378755848672
0.190141239324458	0.228674285680741	0.209984920627534	0.173071316627336
-0.381959297064758	0.184125079531881	-0.390082478272552	0.167596568197454
-0.242979234205884	0.193726364550615	-0.23065892061064	0.169937250109197
0.0122307283331915	0.170617667646596	0.0143495898185566	0.169317789621897
-0.340947358938199	0.17498287255917	-0.338205762789739	0.171842748011316
-0.344660271621347	0.192697548903877	-0.335209794311437	0.174724115745592
-0.0218130408405484	0.200339291158537	-0.0280435062400113	0.167410084694516
-0.0584434666691119	0.242248988154868	-0.0601510046162502	0.17306758479468
0.163606940604057	0.171794308585481	0.16086457202569	0.170959257904202
0.0250378666621615	0.168749466107412	0.0278765079311303	0.16691627367781
-0.2388822139829	0.174786007410592	-0.239209972029178	0.167957491510491
0.0298923098387847	0.181513753253725	0.0284405248172971	0.168574898616123
-0.0627952133826766	0.176646915874865	-0.06127835053538	0.174563282236743
-0.118286245382801	0.184271827417768	-0.117781241296225	0.171428453642951
0.431853447028365	0.171866508989748	0.429217948999166	0.169973415159104
0.0281122673077377	0.202294136559617	-4.43391884155484e-07	0.173044810091478
-0.155063313001239	0.17583510976392	-0.150194170084719	0.173097711603093
0.128412146983387	0.169033509857659	0.128538729971822	0.168979158118775
-0.236648622211206	0.170628418555316	-0.241768533836178	0.168850751473886
-0.287689197039744	0.174065135193747	-0.287298042943262	0.173948748180543
-0.0875663000702328	0.185667675265912	-0.103588859877107	0.171824275123551
-0.194530060983841	0.192805933538025	-0.190600735093121	0.171197878366089
0.129567414123501	0.169717450600821	0.12955968086345	0.169633389910221
-0.144039358523533	0.186993581131053	-0.139097312709054	0.166848964069147
0.182402137346434	0.216316461545561	0.154553588321918	0.167694412738785
0.219093950901338	0.173067508200831	0.228330463762302	0.169091924041709
0.0985649166042937	0.195121383807623	0.11225108180764	0.167528717596052
-0.229342937372171	0.193719103814965	-0.224405751224765	0.167658287556949
-0.133132782674173	0.213662515597232	-0.156552874480601	0.168735456171657
0.110914295563914	0.181021061405699	0.107841960520037	0.175059416669731
-0.000153801748680023	0.167614273556852	-8.36804415163043e-06	0.167567376287711
0.23713654723765	0.189624626040405	0.228873824161623	0.169274509982738
0.167616330939233	0.179518490383818	0.175043965965304	0.170762333162307
-0.0486087801438852	0.186732479827267	-0.0446668980141659	0.172262960061256
-0.34758934590872	0.180356105441566	-0.328954081038991	0.173202027117962
-0.215800155854463	0.174795516611848	-0.216397931313965	0.169943045912615
-0.0234151934149814	0.178973129742106	-0.0283858858077871	0.168411784051797
-0.226469712839202	0.186314949416381	-0.226610225015657	0.173721919349451
0.189884242355605	0.202165205101945	0.186258668631009	0.169317559399637
0.015252288407988	0.1902024099539	0.0138952807292278	0.166701360083667
0.494682955140111	0.173817111547693	0.488278297028989	0.170482881251047
0.0736365060320784	0.172170986864821	0.0723107501364131	0.169952530759897
-0.0459417866288531	0.205961754812097	-0.0427157442548218	0.168668847545178
0.0635810108322027	0.17816859016013	0.0578559565285665	0.169933405746881
-0.0735145717348289	0.173714245140574	-0.0732307843963715	0.170970542624123
-0.0607055799164371	0.178972552793078	-0.0751843486069513	0.173094118559215
0.139273800557331	0.167402413279858	0.137724693777768	0.166028679477715
0.0138227852007347	0.20548146931193	0.0280057999792028	0.167306228742969
0.104684492966343	0.201755426292705	0.08421797696674	0.167525263203082
0.362041920027991	0.201937705315206	0.371164196420291	0.172765255742653
0.143732889266308	0.17653851831344	0.138352401341356	0.174933424297863
0.122069300446072	0.170557950605768	0.124424008490757	0.166336986857005
-0.0174680130261503	0.186225367253823	3.49424971013304e-06	0.168247666605091
0.0951554619582086	0.215096622471239	0.0905410932666587	0.173374907911483
-0.136063736528524	0.204387919861796	-0.157723751636642	0.17704441247038
-0.0871061489654716	0.182170668027197	-0.0717760711943635	0.169342253266263
-0.0159691900615404	0.171488957729486	-0.0146919433945979	0.171165158867719
0.137780913234107	0.180155802840695	0.11915437249459	0.172376685436571
-0.317594831772013	0.227671242135138	-0.309694236639923	0.168167522252897
0.0923949725152062	0.188535320670269	0.0900684196892458	0.172959237377924
-0.175308477706924	0.171487735945455	-0.173464631525335	0.170027464968741
-0.0741917600341241	0.170929295807026	-0.072888087636147	0.170577390887588
-0.0531800748098629	0.190490948743784	-0.0443896770541354	0.171758055910976
0.0742772655676002	0.217682002829727	0.0738421370797186	0.17163531280785
0.235872740629019	0.203613158936386	0.244138738450805	0.169632658093931
0.16408270033236	0.189095703881291	0.188901299524718	0.176971410658936
0.0545942741635136	0.192269444668718	0.0578776729984267	0.169991927798522
-0.0267281321415041	0.171159710946697	-0.0289879049132227	0.170117866359728
0.0572036236904003	0.169975867878353	0.0552129877558737	0.166160451140942
0.282762997206408	0.172465406829649	0.290087883074269	0.170588223675232
-0.0497620285781894	0.172108830060084	-0.0436499837914681	0.170415110635927
-0.0255358100416754	0.173362483500607	-0.0283075087041775	0.168155706733978
-0.016151885884971	0.172230067945189	-0.0145755116758246	0.170496585373389
0.134673349451054	0.185039064471841	0.154022567132045	0.167418531838157
-0.0172522589960549	0.168082295052198	-0.0139754578529098	0.16714426225205
0.251625806850679	0.198543137090041	0.247390453978353	0.17071492806685
-0.0298259904449172	0.168896083355856	-0.028432023822872	0.168543912631838
0.197287657106643	0.170101464204724	0.200513366584789	0.169331701807668
-0.0835636029762412	0.179475353395505	-0.0764096472241116	0.17437858674886
-0.106996294842648	0.232105346678595	-0.101222532939184	0.169958428835093
0.144008364533072	0.177718534416081	0.145021072322874	0.170229272827444
-0.202546273841352	0.192224275714241	-0.20582630669913	0.16583864870374
0.0550416948528263	0.175983407537219	0.0577854626524226	0.169858233456488
-0.0128934960236968	0.174777720310595	-0.0147488430462922	0.17146147254783
0.079327347958262	0.17239004253401	0.0867550362409593	0.169946042605239
0.0140486603277929	0.181014492419615	0.0144615005559476	0.169886667857275
-0.00313496984208776	0.221474726138202	1.16410854272555e-06	0.168467274634198
0.147987505490705	0.188891520734688	0.144935951591337	0.170187288319028
0.144812661079183	0.175626843930214	0.135085237957376	0.173047211968772
-0.000738276321529637	0.226780952412025	3.99515101421944e-06	0.167809861043193
0.0277273512086653	0.168923416312847	0.0284972217054448	0.168719326183311
0.138074544095281	0.214229564120894	0.1220634241357	0.174287830798501
0.155518491990654	0.207539583278269	0.127880032820813	0.168570352161813
-0.311214339678911	0.174672272822464	-0.310153826440002	0.172116476697114
-0.0929819590187064	0.198238085632687	-0.0752747581660515	0.173185940124076
0.101762472196566	0.170950404104816	0.101561764194971	0.170229366556307
-0.0993466107924056	0.177548936554329	-0.0840567733154543	0.16737434038474
0.0151624599566083	0.172230839271365	0.0145951749228802	0.170617201359431
0.147029590527046	0.20865965696195	0.148034396153915	0.171929634475468
0.120323776393887	0.198988175364004	0.119568338698241	0.172642487800391
-0.0588259420523687	0.180276938356103	-0.0558026633555891	0.167013258016029
0.238175939303056	0.172862397162276	0.235793903041925	0.171724195724366
-0.0162739463899542	0.204640915008583	-0.0144750794802208	0.169995634895748
-0.011469461930499	0.192954208436437	-3.47789845046207e-06	0.170761859733027
-0.232902842494384	0.196079899927926	-0.242206399518357	0.168997884829665
0.0842665796477037	0.17497782912524	0.0834242658684043	0.166749782146988
0.241834629635983	0.18013334963085	0.231373246366831	0.165205779291413
0.005984126505347	0.197552166073887	-4.1836592201644e-06	0.168288386797442
-0.125228068909617	0.194280227825272	-0.129995446943313	0.169895279445138
0.174369113247541	0.170448453510962	0.174289819997857	0.170411859038939
0.176452796594931	0.172425265620744	0.178773017230651	0.165975146765667
0.000124056923333095	0.171511102581219	-1.77528533879885e-05	0.169898437951995
0.116487260569792	0.17214933115538	0.117304515777502	0.171099149605229
0.0153471977001495	0.172295934369125	0.0138529651933093	0.16642899375922
-0.0133780830369184	0.215237335518903	-0.0305521825892259	0.174345841325687
0.211042720397598	0.182866256943902	0.190219578557838	0.171060180963163
0.0621211230916112	0.187641121647588	0.0447912205277047	0.172467663503222
-0.0557584831825696	0.166051181571289	-0.0543335312607696	0.164831176996189
0.300284476049496	0.20822424493834	0.298648815646289	0.16899588043524
-0.00709707030716423	0.173030527911015	-0.0142089448677284	0.168571982082075
0.301986440805472	0.175266886854225	0.30161530811778	0.173766608031556
-0.182089591011669	0.192788946168933	-0.162919650333545	0.17198261515519
-0.244339546964342	0.177723737214198	-0.239971559303264	0.168219434867222
-0.320699779789136	0.176859025070644	-0.312023149393291	0.172622518237226
-0.0810694954877505	0.17840742935693	-0.0726264209675711	0.170300303426241
0.409490452847414	0.183995306119511	0.407229892270877	0.168323505910749
0.394521620900191	0.182054608715824	0.389113227061002	0.170393841466744
-0.347099992601272	0.182294119680215	-0.340123866627077	0.168810162478109
-0.0874448898019194	0.179737903619459	-0.0910120743153947	0.173779216855804
0.201604561189303	0.175243910494381	0.19454711614058	0.172889351307263
-0.002687398558499	0.188813153070921	-0.0139603410786703	0.167091834769664
-0.154133673262609	0.177892280252748	-0.142012728108057	0.168546092818655
0.202471307757792	0.171005250743427	0.208504217415755	0.166893918375682
-0.0585152004073954	0.177241172470677	-0.044882136730053	0.172714455052024
-0.235515879195219	0.186577349026218	-0.250235721885972	0.171674979649782
-0.0274709255124092	0.182829250165299	-0.0284083866961339	0.168511088278568
0.0499207700555814	0.172332287992596	0.0431531623867386	0.169498869410773
-0.0164968544642873	0.188915266561237	-0.0285548927760848	0.168910199424287
-0.0272524761162644	0.172523351501598	-0.0275837562725627	0.166082873285455
-0.0223988302317136	0.187343177835674	-0.0285556374105636	0.168891947433781
-0.0941058061729189	0.202705982546552	-0.0985284303154456	0.167767018364632
0.212279159092762	0.180792853283279	0.221187660423884	0.17172231074784
-0.0151723315452428	0.168681533132152	-0.0141679194459424	0.168241663845194
-0.258595391740995	0.193762360464703	-0.260537594522659	0.17033032698647
0.00726682532632158	0.185395839492	-4.74571229116193e-06	0.170738657673808
-0.199505064205089	0.177514230089225	-0.20028370796476	0.175219250497747
-0.201012711401802	0.163859022899177	-0.201012579208146	0.163859012388556
0.0570945958059516	0.177687693326389	0.0595485622314148	0.1722716576001
0.0257760742487392	0.176369797893953	0.0277092561784739	0.166444131512717
0.0690417164263995	0.19524057580331	0.0712998848813107	0.168811517639787
-0.0520716447740825	0.178565268669252	-0.0461697215976541	0.174953487447325
0.178272170860817	0.184958762990901	0.1837280128976	0.168219944699869
0.34263602547402	0.173786935847366	0.338283024553039	0.171877707482875
-0.1271264148565	0.197990446576813	-0.120454755130463	0.173238113528591
0.0491171436189857	0.187536234806067	0.0557604637789027	0.166964229665904
-0.00467542099648667	0.1899398612839	-0.0144314678663044	0.169760753832013
0.163413141815089	0.180264149461846	0.165580535118605	0.173272836487759
0.0110212624863388	0.21067843251903	0.0159234256784196	0.17767597975277
0.291547413830609	0.182176433968546	0.291334038936685	0.170932372689513
-0.23023537173842	0.184660673393823	-0.219232949332896	0.171000854280898
-0.00210336447101377	0.17027443166112	5.90347006780332e-06	0.168353981992012
0.180249364338504	0.191653787726115	0.162689608665132	0.171873850640184
0.15507903392198	0.181427330567629	0.149933228201253	0.165203527070204
0.190382165662508	0.212348780894299	0.164075256584316	0.172533793406288
0.0292993824655917	0.172970573792433	0.0280578704702982	0.167481895462823
0.081096566639034	0.18267106369129	0.0579840832065309	0.170133740126346
-0.0114349442511497	0.233642643298949	-0.0280961122217204	0.167481226193761
0.086852638750866	0.197048964009619	0.0885412673780915	0.171570895788273
0.220902868844419	0.171383021878545	0.21853970399086	0.170758099537621
0.126436283529614	0.169561057108785	0.127562810031027	0.16837182719873
0.205347729322756	0.178979719910602	0.203668435936093	0.170595073011832
-0.126994195820277	0.177335735470118	-0.126673541181481	0.167793208648986
-0.142816163796979	0.168860150207845	-0.142243677815981	0.168669041709669
-0.0505824358279719	0.196440313003323	-0.0564314041987733	0.167929890293454
-0.189632348435541	0.197945486299097	-0.249573962829178	0.176455730147851
0.358192392516734	0.190532501049604	0.35183628650693	0.171645160312926
0.210017167740639	0.167481294447046	0.209896956037121	0.167453441411621
-0.0801723490311312	0.190711945414505	-0.0696835222908704	0.166950642815792
0.164071569607817	0.173213507430051	0.165022510774598	0.165950113333898
0.0846061990058711	0.199727191078573	0.101195060020144	0.169946839513033
0.0444144416360751	0.17545186595159	0.0445023280695019	0.171981190543839
0.287680440166388	0.1745416674171	0.276593911193233	0.170846883340317
0.149358075852152	0.178603713361559	0.155804196958596	0.168348054555519
0.168782378218809	0.175569404883285	0.162592077027875	0.171802931873088
0.0305378505831783	0.172824583757534	0.0299401872018091	0.172677452564592
0.156801013929623	0.184640612239659	0.173575895488531	0.170087913125088
0.178431637738214	0.174983509506073	0.18238431532652	0.174096781717728
0.240448589276413	0.182313185434979	0.239248376111067	0.17290055395213
-0.0742796490187949	0.1792664850412	-0.0901604284467416	0.173066338070254
0.17007350809287	0.174105018341894	0.174735000561114	0.170621460124466
0.123656629476832	0.176255771656987	0.126254850050263	0.167532226074181
-0.199922847917512	0.175216888825376	-0.190931338605225	0.165300676685235
0.126942878820378	0.169122095118457	0.128198084800128	0.168774514335943
-0.125119440603666	0.167469979643443	-0.125869335649139	0.167278480768197
-0.0665083154492716	0.18134752116366	-0.0704786573942775	0.167867198209087
0.0995592470744023	0.168124746061801	0.0987261191748526	0.167930219603107
-0.163034848863172	0.19874344666069	-0.167098935976	0.166980054654744
-0.0522015465552121	0.175768665644133	-0.0603383964851071	0.173345295886103
-0.221160261984218	0.176018282697519	-0.219883917763902	0.171259918502582
-0.203259035487766	0.188116577253665	-0.191695947759495	0.17166655825296
0.123533520726923	0.172935113785639	0.1180508758853	0.171644956237989
0.148436953390819	0.172931898691084	0.144175212473955	0.169773956442477
-0.137182684912651	0.173655214100037	-0.133804595660061	0.172228029085221
-0.0997713683755947	0.193087973024805	-0.0966528265628107	0.166201479249034
0.170936597787535	0.174855391369251	0.166584313596364	0.173771399728187
-0.0701447054999613	0.19559600761725	-0.0713379113539124	0.168843683533429
0.219877506724097	0.17144285137893	0.218583176953628	0.170747270627831
-0.301841802482511	0.2080708474641	-0.2759718278128	0.175027666738882
0.0550638705212672	0.209245463694864	0.0151536535692747	0.173728538374569
-0.0587551711571012	0.18321077630423	-0.074060712397106	0.171871660360215
0.0751284056820934	0.171512615934535	0.0731849124385813	0.170917480626585
-0.402776859887561	0.182793392596675	-0.402744303056482	0.167381775283536
-0.21428931410469	0.213203086584984	-0.212805721143684	0.174164418645249
0.398431647550832	0.172493829114161	0.395861970911035	0.171840995434799
-0.0849921713457071	0.191668762530239	-0.0881628922716443	0.171219310999
0.3554588781346	0.18372769830871	0.358491530339075	0.169871518647928
-0.306388946397057	0.184825236514401	-0.275295157408763	0.17047318506759
-0.511766723489424	0.172208023929543	-0.511057709415226	0.172025128580569
0.032870900782402	0.192460932854093	0.0281009355691767	0.167549512705454
0.00577972248113867	0.223770840796917	0.0140751024621108	0.167650545265515
-0.136566002445378	0.202241160034077	-0.132580052230964	0.171958445697802
-0.0585839945537434	0.213038388978604	-0.0571268356030788	0.169001652109005
0.0180739612057788	0.186867125869791	0.0283366068938386	0.168277501173083
0.35415953948452	0.196322320798858	0.329062864887249	0.169613362094005
0.445312888098283	0.174301593229829	0.43446549501166	0.168269461040818
0.10943274631475	0.199644714241126	0.100012928751819	0.169113695579576
-0.285822551001191	0.173007639524892	-0.287092429018808	0.169692222738913
0.479453247603955	0.173652781571378	0.488154986552567	0.17052661213812
0.0448079368524485	0.235249084273433	0.0442146852206507	0.171470534967235
0.28621803786794	0.176113288833566	0.275936463863275	0.170634359881842
0.00990231191315045	0.175616427821654	0.0148183661740399	0.171861975190837
0.39252575807986	0.168042662216993	0.399456006631939	0.166652455336068
0.111843793635731	0.206607863813141	0.107032631300829	0.174462157731152
0.0525328944279242	0.184652566263077	0.0577065956425571	0.169743888211756
0.110825409748939	0.175694445175021	0.10348306439583	0.171745529107461
-0.317405118447402	0.178137678325197	-0.315005273370367	0.169572770205904
-0.192722540138505	0.169946472307554	-0.189738893442376	0.164789415965201
-0.0430302990640648	0.173584569795259	-0.0424697830419869	0.16819862738606
0.0403360784706543	0.194534036357379	0.057286813162132	0.169163642354564
0.249395486031599	0.184402456610091	0.247762802776011	0.170831500672713
0.0132497229392105	0.195153573839204	0.0152064481098875	0.173993992346494
-0.0795760450643112	0.172100483479492	-0.0849801277015965	0.168266144363055
0.615854703683783	0.178374555981192	0.60072836070493	0.17277360239055
-0.0862517540989214	0.200717879710682	-0.0862450833155235	0.169468269868901
-0.0026526086275899	0.179598589617656	-1.62804770680645e-06	0.17221469216854
-0.00497948176598037	0.209601178633385	-0.028439100554361	0.168551976100404
0.0755987792789504	0.204252415590634	0.0689339248292556	0.166053019053404
0.321613895123922	0.175404763415291	0.319750440843419	0.17462806282122
-0.184563682839327	0.219511186888485	-0.163861669546414	0.172427520773178
-0.118037324682038	0.208096262196999	-0.126772105837729	0.167864709293743
-0.241984918603991	0.179821747431906	-0.245727966223293	0.170158932154734
0.239053848859332	0.20089674924143	0.234379921971757	0.171211751591032
0.0797482218744243	0.190324857575058	0.0865172703463083	0.169720646534995
0.0670269200484651	0.171354397082442	0.0715863005778867	0.169140596823531
0.17949667331313	0.18326035763986	0.180269562748745	0.173149192798378
-0.0421286422248194	0.168389384801085	-0.0425160111277285	0.168293776127016
0.144314848638011	0.174482127603232	0.148113238491773	0.171980802981928
-0.0148546500165043	0.175197263632516	-0.014857325235895	0.17206999573799
0.110890817974596	0.174154806545338	0.110298558946465	0.166091589002662
-0.0797188555706015	0.191328528194646	-0.0866588595082717	0.169853834973843
-0.0716337007361384	0.184112290357115	-0.0715921929909988	0.169108989083051
0.0419019809990326	0.182340972932955	0.0468709957934005	0.176117361104414
-0.213436873159168	0.178298803990542	-0.210947814807169	0.173443254825281
0.0137726164977733	0.18777445439791	0.028354087529756	0.168359666468764
0.0457969583981618	0.173316827751718	0.0450567548494166	0.172961288135943
0.112292939467978	0.211221838944963	0.0861202109460641	0.169351027330651
-0.181352936516354	0.189605311326398	-0.172912902661956	0.169753355403908
-0.00396013102994471	0.215726198909934	0.0152576865105357	0.174210975035381
-0.197736312073199	0.171418772429024	-0.199256359179879	0.168817753974113
