"ll.m1"	"ll.m2"	"ll.m1.null"	"ll.m2.null"
-409.585005364661	-410.234049884816	-409.804262551194	-410.455423259359
-415.10464010545	-414.205218766816	-415.844716879999	-414.97067495504
-412.183894602063	-411.461972900199	-412.551307186615	-411.885725223441
-407.010317344205	-407.937666470175	-407.920466326715	-409.082946796575
-392.816036924414	-394.713699025699	-392.951274425133	-394.90392926687
-405.00788273642	-405.753319605111	-405.110660559306	-405.883848341422
-408.892755887312	-409.771301074575	-409.213350560362	-410.199417915528
-395.518829794935	-395.900163260056	-397.651016391071	-398.105059906974
-415.37504994366	-413.175625251543	-415.37769549484	-413.179084499034
-414.392140737841	-413.047560007185	-413.311423368569	-413.392978731274
-406.182123013309	-407.045164806632	-406.18237207463	-407.045164806047
-413.789286300581	-412.069787850943	-413.909167587939	-412.195228295062
-410.152130788159	-410.584242409263	-410.330493955313	-410.757199656757
-403.951190429744	-403.954266996372	-404.888877217351	-404.892502452736
-398.888783721654	-398.955391266851	-398.966677416627	-399.04918351572
-411.366221692393	-411.468452305385	-411.647038587406	-411.751851819305
-412.334107219969	-412.757806786773	-412.428760797191	-412.879172355526
-404.231558600778	-404.766543588731	-404.408816722621	-404.943037809066
-406.908315089863	-406.997348801276	-407.760517589346	-407.915016324141
-407.324034621548	-407.327689374928	-407.615573699978	-407.615764948921
-403.763974354573	-405.025784371472	-404.474021458513	-405.736121473695
-406.092867834953	-406.598142789658	-406.402711581331	-406.961976614766
-405.888146979365	-406.313861320554	-405.939400271614	-406.346192751492
-408.143497945834	-408.715863054513	-408.261309287185	-408.845320948363
-407.165799097778	-407.298763054915	-408.6830278498	-410.06084021972
-407.28794160965	-408.004907556774	-407.90942358497	-408.710716093427
-401.328320134032	-401.656406271881	-401.502592902399	-401.894463522927
-404.116435632168	-404.742826109766	-404.637678379237	-405.271893399922
-410.082252237531	-410.687768649479	-410.134343359871	-410.744198722983
-404.943251729362	-404.955474689688	-405.072642777905	-405.086705594609
-406.003127599349	-406.008123447506	-406.095537832472	-406.099120160571
-399.184552684577	-399.838072291805	-399.405647830081	-400.020956058212
-412.385559035331	-412.698533093884	-413.342369253885	-413.115879842279
-413.710240162594	-412.992151695127	-413.784860993113	-413.079010226174
-405.63203085813	-405.681232003474	-405.646384730452	-405.695903078653
-404.360934524214	-404.371882239151	-405.851071665286	-405.981931646369
-397.487845550002	-399.013686222902	-397.585243254679	-399.251711301213
-397.936833458963	-398.327551636791	-398.046557805417	-398.464747384056
-409.567750355406	-409.696625977532	-410.332406777876	-410.493142447108
-412.175472684903	-412.198544210215	-415.069914759632	-412.701023661524
-412.72121960612	-413.255113871603	-412.778473884445	-413.310165491347
-411.218414017871	-411.227138013482	-414.524089697542	-414.491310388611
-407.313721718706	-407.689361703545	-407.337809174048	-407.721975112776
-403.454881813994	-404.116536040609	-403.854232447522	-404.557021760053
-409.163216259926	-409.657073017473	-409.740991795113	-410.254876297582
-405.758838489948	-406.884051450235	-406.272730305423	-407.589700951175
-403.245084033897	-403.451707794764	-403.245397440996	-403.451707793703
-401.392637341385	-401.751350939666	-401.800941359137	-402.117061681693
-413.953560406244	-413.95356041975	-415.430650084533	-415.430650082131
-412.521634876583	-412.976304300056	-412.873318020068	-413.391397473892
-394.314532220093	-394.606704343591	-394.345904464029	-394.641597819821
-409.830575840078	-411.183069036122	-409.830910718283	-411.186587191554
-404.055134377499	-404.199710304169	-405.666377510422	-406.139960898571
-404.836795123562	-405.664250964987	-404.931151956033	-405.79573264342
-412.195467078882	-412.558666956279	-412.652143055724	-413.057638488868
-410.392256223207	-411.259694305305	-410.556108957367	-411.485559805644
-410.986126199658	-412.86614303025	-411.253533589667	-413.2817961154
-406.057620120191	-407.536668542485	-406.075966287322	-407.569301154465
-406.280355481165	-407.018215834039	-406.775748373291	-407.622193479877
-401.838119990815	-402.819914164508	-401.865566011555	-402.878404645009
-405.10491157314	-405.595282484189	-407.435908974913	-408.606015549529
-399.878031069634	-399.89732363813	-399.89332119672	-399.912329962609
-410.160130301974	-410.948758760364	-410.39820741127	-411.37183730988
-406.004826661545	-406.075472314966	-406.063099066561	-406.133912940898
-402.408277607028	-402.408964421722	-403.602158338492	-403.602275415967
-393.727003236433	-397.052399219544	-394.23022625854	-398.026470358184
-409.108728241036	-409.206415715075	-410.332112907313	-410.582420271474
-406.824159385266	-407.78610474565	-406.923878969337	-407.916305559186
-413.664608557332	-410.363551500347	-414.083740306708	-410.869586788582
-404.330896200998	-404.342387802825	-404.563155094213	-404.578138349773
-410.50954896147	-410.655592798674	-410.696499230264	-410.878568357611
-406.65179411009	-406.851460289456	-406.651905704545	-406.85146028787
-397.867347784594	-399.755564559705	-398.152249370768	-400.207957596097
-409.299937634636	-409.594998966343	-409.44386519289	-409.769159539779
-398.740589946956	-399.110446859137	-399.492716914548	-399.955367817553
-409.008894211963	-409.106053901051	-409.429232419543	-409.538245981504
-408.867016593328	-409.638127265015	-409.141081171658	-409.927469733072
-409.274273763913	-409.925618703614	-409.48024005853	-410.153496562603
-404.482729826162	-404.743718102017	-404.483864638802	-404.743719082195
-406.139695930895	-406.903382772416	-406.141924689808	-406.907020758398
-402.633445462845	-403.630137187179	-402.808698821782	-403.864851562476
-391.876324960012	-394.79043059642	-391.876356419249	-394.790430595868
-410.207905867236	-410.406339752598	-411.113355356607	-411.306342340864
-400.047529893775	-400.10091180164	-400.224511685804	-400.286127158581
-409.612832374881	-409.635035494354	-409.902171518492	-409.923944194548
-405.418855568006	-405.419011104481	-407.659604853198	-407.665818812926
-410.392804426812	-410.93023693797	-410.589015137905	-411.15529449062
-409.512107744013	-409.529102522374	-410.357632092609	-410.43474184023
-394.788096577308	-396.410234471287	-394.867501487254	-396.506737953955
-400.521470821099	-400.535691356922	-400.872041015738	-400.90920247764
-408.335483948714	-408.986276345592	-408.829306358095	-409.497482244997
-402.33958174509	-406.606247595752	-402.419472276075	-406.663936543955
-412.348645829291	-411.774352200617	-412.544513149818	-412.05671169431
-396.589281586353	-399.201997404246	-396.985313721874	-399.578707617704
-407.575869228814	-409.010986228335	-408.627705829529	-410.434816946751
-407.079946635649	-407.914813172838	-407.080221299864	-407.91842044515
-403.394606352938	-403.596884348875	-403.437465963004	-403.655819378463
-405.531370805388	-405.564880797706	-406.146536175781	-406.182467560807
-401.729613902555	-402.138095136375	-401.733920979796	-402.14180090405
-407.281025263218	-407.32779189298	-407.29223595957	-407.342172294765
-404.640516423417	-404.64167853064	-406.233897881158	-406.234472171139
-398.836513738516	-399.620624586008	-399.396213481079	-400.165163426475
-409.238778877245	-409.746923696437	-409.341134644212	-409.874514696397
-413.688239985756	-412.078625987088	-413.720407708456	-412.110000652169
-409.150756365486	-409.154343069616	-409.380018477518	-409.381935913972
-399.953361251365	-400.970851353465	-402.097053992711	-403.289658173724
-402.814001301516	-404.459904864333	-402.816004931104	-404.463568453271
-409.445379172959	-410.248157310749	-409.781280561167	-410.677008131041
-412.636525861349	-411.039824353566	-412.90969787965	-411.393138280682
-411.638670370027	-411.877496467571	-411.641479513391	-411.880988039798
-404.179925507943	-407.156709276651	-404.18829157998	-407.160308181075
-408.415732222019	-409.466493998454	-407.891476879966	-409.973503736131
-408.136366243906	-408.827398631689	-408.181752788415	-408.884451984203
-408.3000792812	-408.353968166753	-408.595216183322	-408.643621379888
-406.581391024007	-406.583286830691	-406.708227717528	-406.712556950486
-409.536970770739	-409.888132855508	-409.747263752753	-410.115561972133
-404.681055761726	-405.489665673892	-404.713685902709	-405.547284982802
-412.675239856421	-411.068620876965	-412.7350896552	-411.155554250226
-408.77007715644	-409.449117774594	-409.154924754371	-409.956628494668
-406.266427120663	-406.342054308157	-406.283173970403	-406.356464758748
-402.653463458634	-404.255858533806	-402.671930797508	-404.270489951684
-406.719487707437	-406.819380892698	-409.288463641681	-409.416021816758
-400.595848856761	-402.595656811221	-400.703020563157	-402.687986136175
-403.389660154929	-405.941122038683	-403.672245060214	-406.463975572819
-402.734037747263	-402.785226438631	-403.40785766823	-403.513858849638
-413.052564735651	-413.432321476091	-414.384191869663	-415.081939856061
-412.389939335622	-412.658571839407	-412.472174946942	-412.744982302308
-408.65810757525	-408.667249358139	-409.09416313064	-409.101372625642
-414.925536302721	-415.519079298146	-415.027062105395	-415.640245424982
-407.776035466063	-408.083143666498	-410.160285592482	-410.641498251625
-399.815662848738	-399.961137581274	-399.906191942059	-400.054624556871
-410.708543517962	-411.198817403474	-410.70864153401	-411.198817397499
-399.712022028726	-401.466235012595	-400.040432068735	-401.917587148185
-394.480916434219	-395.584428311122	-394.527419723922	-395.619105239502
-397.312206968586	-397.557395957995	-397.344149874376	-397.591565107114
-392.840463510636	-394.221456455373	-393.047210264886	-394.537249116133
-406.426389687771	-407.279779308675	-407.567908936951	-408.709585275048
-407.443103033165	-407.537692979078	-407.458438649898	-407.55219536901
-413.15894301947	-413.057681000371	-413.162310476659	-413.06115555995
-407.712605129828	-408.409698305424	-407.764770914165	-408.498706469855
-406.482474052263	-409.365617080156	-406.860580348756	-409.787954110318
-399.095434806046	-399.431808593818	-399.140099786691	-399.46520814401
-397.594707265012	-398.044173097153	-397.774859057461	-398.230480520411
-402.644403339947	-404.024965805122	-402.644658952404	-404.024965805213
-393.299600003557	-396.008130820976	-394.0651993196	-396.867196861045
-408.184749950635	-408.186563250693	-408.188573697434	-408.190171916507
-398.009666919929	-398.118731792193	-398.151868914758	-398.256650583045
-389.899527509151	-390.477939514623	-390.033553004462	-390.619003726057
-413.687399142155	-413.820372878048	-413.698583704761	-413.834129034187
-401.224674754211	-401.393468187214	-401.227998879977	-401.397194346401
-408.048439392075	-408.052402632804	-408.177346128839	-408.182396393684
-414.66956564825	-414.696770710469	-414.943719417191	-414.97059499058
-409.295575931743	-410.053696711725	-411.874478270589	-413.58124182023
-396.664720022106	-400.212715622721	-396.714634106835	-400.272991177354
-414.372941661954	-413.812698400599	-414.377282607062	-413.816141875423
-408.389172005684	-408.672847674865	-408.619568720176	-408.901046533306
-401.896967964715	-402.816897138246	-402.389959040787	-403.53664919546
-397.360562367442	-399.047070402489	-397.658925513025	-399.354702875862
-408.906249291486	-409.26047955447	-409.515341014681	-409.951293349647
-401.83066246643	-401.921317519656	-402.133978033627	-402.220753962376
-401.098651318965	-401.494557999197	-401.101422878953	-401.494557998477
-403.011692962021	-403.685610957254	-403.030748789798	-403.718584683875
-399.025483480157	-399.043064630188	-399.405870029936	-399.418661484998
-412.955601300654	-413.057492411157	-413.721627480266	-413.831047533612
-403.337332061849	-405.53852454465	-403.724498630419	-405.899872093028
-399.095135987326	-399.193948548293	-399.28094030258	-399.379952393949
-406.291711481374	-406.445486100501	-408.612273904939	-408.87006892612
-407.572865968446	-407.574786590421	-407.802177527718	-407.805316917447
-402.744463134132	-402.744898802381	-402.971585229255	-402.979383236207
-413.803338294567	-414.316929525664	-413.867838055741	-414.400876909759
-409.032490040924	-409.06763848001	-409.048320318946	-409.081851974929
-395.909144804554	-395.953614147554	-398.633590126235	-398.87915701727
-409.882799627332	-410.151529462184	-409.911177674775	-410.183576581078
-413.717236617761	-413.917958889947	-413.746714677998	-413.948897109557
-393.382533324354	-395.318911020137	-393.586601046159	-395.506508296535
-400.608864783516	-401.969645118725	-400.636185841518	-401.973351560682
-394.201896198748	-394.233507405555	-395.324978699544	-395.356082226323
-401.465170381747	-404.199611063579	-402.658001438495	-405.814469923354
-406.816965188347	-407.409589915248	-406.828995256338	-407.423970127435
-413.805461736715	-414.204272463066	-413.928366291464	-414.327410426077
-403.981514914247	-404.497712909429	-404.388950601804	-404.943664255005
-412.071869322852	-412.0497745201	-412.083927909607	-412.063755713216
-403.243262781955	-403.589856090789	-403.720392361422	-404.117816218199
-405.13030152106	-405.906679572497	-405.227779071935	-406.0377566426
-406.595671377262	-406.610514157827	-407.099057912682	-407.131387344768
-408.946946548862	-409.062163992692	-409.104652307791	-409.236485731155
-406.151860809712	-406.191529203624	-406.776827950847	-406.8062182119
-404.372418856444	-405.734565102448	-404.431528822895	-405.865745932766
-398.713855085864	-398.80144478489	-398.725322961923	-398.816625497711
-407.376437923768	-407.486933808077	-407.383788537556	-407.490490345742
-407.212508451242	-407.477853109325	-407.502253291927	-407.83721939055
-415.880812648397	-415.881551292354	-415.88413748718	-415.884885003247
-410.916092233973	-410.831765791295	-411.101562958469	-411.056882903109
-408.612648194452	-410.526033834436	-408.631339498348	-410.557930435566
-391.28919622743	-391.347015206197	-391.628396146656	-391.660989436985
-408.707760495671	-407.608582018249	-407.457307703555	-408.303923758574
-412.196266985942	-411.047809588003	-413.191997453263	-412.305205716614
-404.744700355589	-404.779194958737	-405.107431606657	-405.147490288518
-414.098469011848	-414.120049798294	-414.101788550133	-414.123472920772
-399.779573497673	-400.27816186498	-399.898141036226	-400.414290046095
-411.787692116546	-412.005373817074	-412.18250914191	-412.427543517088
-399.25297465363	-399.857352596704	-400.497846165289	-401.219814270053
-396.80420673534	-396.80789982036	-396.8400939369	-396.842365994748
-411.641698810413	-409.962671103161	-411.653924122741	-409.994394774378
-413.357592205061	-412.042343144155	-412.126287401116	-412.543421734294
-397.322797104945	-397.462130899208	-397.331063628365	-397.47717429287
-408.167671557638	-408.877799480835	-408.167974290729	-408.877799159234
-405.494878154829	-405.568606728927	-405.49740989478	-405.572236086183
-407.588959434979	-407.619723591897	-410.002891917723	-410.028830840413
-396.169074720853	-397.519767326177	-397.487706718427	-398.74792016102
-412.853572220755	-412.605808869509	-412.915626957992	-412.692997885284
-411.531571157779	-411.911943318788	-411.542978533153	-411.925909300975
-402.201697109485	-405.042757565964	-402.696921862967	-405.657694160389
-408.214030238493	-408.71757056195	-408.737761139437	-409.227225728141
-403.684969166063	-405.77786125189	-404.566877948492	-406.701938418371
-411.710114916786	-411.775633514562	-412.136345970964	-412.199693717253
-408.034953066577	-409.799213538751	-408.067389063106	-409.85591155295
-410.930051184839	-411.536964801067	-410.948659805268	-411.568456118808
-405.72828805208	-405.947582114434	-405.822754418777	-406.038219257128
-409.863138601034	-409.881290368604	-410.035456056866	-410.055544621548
-408.666347527807	-409.66068440228	-408.876392358312	-409.948885608552
-402.159011694856	-405.210906317663	-402.183615153968	-405.269566274164
-414.561184560415	-414.675269090297	-414.64336145929	-414.760637389151
-394.904902769011	-396.602339296954	-394.971090141307	-396.66383811225
-396.518715216698	-397.658602114971	-396.854402824679	-397.964154873446
-399.369045619764	-399.775982560011	-400.824084003968	-401.577177074733
-409.953691601133	-409.989214512995	-409.957112673608	-409.99275773884
-407.950716523442	-409.098246878316	-409.822536242216	-411.086565772817
-396.003196885835	-396.003200525735	-396.631002568101	-396.639903657143
-410.399511739582	-411.332586139476	-410.407716103777	-411.346624189498
-409.218793983846	-409.229641546985	-409.436904974822	-409.454304716727
-403.176008116748	-403.194113826722	-403.211349229868	-403.227360819858
-414.068388177178	-413.740715021284	-414.146848183519	-413.826933871212
-406.420664508926	-407.494126745046	-406.433933754677	-407.50849662113
-381.213314375928	-382.751124107253	-381.957236950472	-383.80147246927
-401.953536771699	-403.171308583039	-403.132260345576	-404.650065507446
-408.901206520641	-409.147844802477	-409.022163227018	-409.277008974168
-405.201328759408	-405.569201766549	-407.062807043417	-407.827109595136
-398.00953669343	-402.485908131972	-398.591696652317	-403.205551256554
-410.032151753477	-410.351271875416	-410.100379873499	-410.43912107091
-401.326598039432	-401.37889335199	-402.070301393586	-402.114295190271
-398.916358606034	-399.491408874773	-401.371353046357	-402.382095977762
-401.015118142548	-402.012397913372	-401.015952276325	-402.012397912878
-400.04887721846	-400.233071692315	-400.076516403847	-400.26671859706
-408.722240581099	-409.44406321833	-410.489367746832	-411.290252056215
-399.605546046343	-399.617542144852	-401.1099489656	-401.124644055163
-403.919350082591	-405.548197927851	-404.501593452449	-406.264055867218
-405.943004946346	-406.279113740782	-406.93894810338	-407.320356610921
-405.811421844105	-407.003075702847	-405.824967567337	-407.035383028722
-414.582146651696	-412.144448941371	-411.880830062115	-412.316135655647
-393.673802805629	-394.792676579594	-394.071288956797	-395.34745961798
-402.84447639058	-402.870182322444	-403.531865928292	-403.590391125457
-387.377896398382	-387.379948753075	-389.006118664422	-389.107555910909
-402.198538360742	-403.907639742679	-402.242748225939	-403.9992933221
-406.230443186696	-407.811504843949	-406.564507055291	-408.327345619343
-412.903869224987	-412.58727469503	-412.938102239927	-412.61838683523
-406.328902682936	-407.500463775491	-406.448408902945	-407.631074038104
-407.877658424814	-409.908419208125	-407.982406994044	-410.081877675181
-407.756507176916	-408.335919410003	-407.833665719395	-408.425354811478
-405.854587625556	-406.117792797143	-406.193209073025	-406.482363058543
-407.963290212931	-407.407258323024	-408.133304038374	-407.578613497285
-409.876053677644	-409.876202849371	-410.654384391809	-410.675451945707
-403.899470887133	-404.036854166821	-406.046667649775	-406.141174261734
-410.829703485528	-411.854928833336	-410.874449064893	-411.910632397181
-399.23711607177	-401.141041638853	-399.445626091604	-401.323201001273
-406.99486294903	-407.027664683084	-409.343935576917	-409.438233203522
-412.678368555961	-413.852203783765	-412.709612937367	-413.883115246036
-410.067660169774	-410.134695908156	-410.070895335483	-410.138245913884
-408.239403206088	-409.422933974655	-408.838579183793	-410.116780205958
-414.701625095838	-412.498948804232	-414.711278825595	-412.512868050262
-401.793146710893	-404.965655115454	-401.91980578034	-405.322476501028
-399.316275062947	-399.406208406216	-399.319931525293	-399.409981743798
-412.436767809466	-412.523553464835	-412.496038250192	-412.578290432664
-402.217572812615	-402.345437187817	-402.502853548906	-402.647296548954
-409.64133210782	-409.722501543185	-411.301959256407	-411.420933340652
-406.757742633731	-406.986793433716	-408.13666282453	-408.431612587806
-403.326782084246	-404.007866269136	-403.463934986789	-404.188820146225
-401.25322293559	-403.091621557207	-401.695640823492	-403.626619392587
-409.975688722705	-410.122215310429	-410.146991692384	-410.295351612779
-405.873946030058	-406.523342314382	-406.854222912336	-406.696120793746
-411.597507162863	-410.428396815099	-411.599595119838	-410.431907158717
-412.927400700926	-412.988289298029	-412.960022851576	-413.019377676708
-400.945171168163	-401.228827382745	-401.389715347519	-401.765794443819
-396.681958202497	-397.431336080157	-398.649278741195	-400.342373048386
-405.442905826414	-408.043844133598	-406.084104682607	-408.645391682891
-404.255475328882	-404.540634802387	-404.302576012482	-404.573004321944
-395.78708719355	-395.793992020834	-395.844847457413	-395.855365333191
-410.569120228882	-411.061849988418	-411.371952515663	-411.960727278529
-413.906067306801	-413.473066127664	-413.908133667959	-413.476534260214
-402.103472410791	-402.29082608373	-402.144069183383	-402.349720258582
-409.144140388355	-409.806017707843	-409.150479975049	-409.809542948692
-412.074818997239	-412.270133631682	-412.07811560426	-412.273619190041
-403.166810286484	-405.475788339461	-403.204334490734	-405.567147817241
-412.021914297369	-412.774287180283	-412.025075286215	-412.777775660486
-402.957516031635	-403.658673324346	-403.330033065161	-404.104933652097
-405.098808976542	-405.261256034892	-405.098812710652	-405.261256035436
-397.555582049785	-397.624932421727	-397.825454840475	-397.929408900766
-404.704187863541	-404.711702940347	-404.762399704971	-404.770512029741
-412.251582251067	-412.535073007449	-412.280011073113	-412.590694135239
-406.589093181768	-407.768434711323	-406.622533575004	-407.826174631431
-411.556712414941	-411.828072041804	-411.908281495657	-412.176246399946
-398.095619241575	-399.052080458265	-398.358384442638	-399.427279593929
-400.252899970544	-401.517492690805	-400.354352635846	-401.650934361676
-408.818389477333	-409.394527501794	-408.99342876033	-409.618623410111
-401.367858741275	-401.587118428897	-401.61343802324	-401.885982680808
-405.017624649915	-407.265061433649	-405.546254643121	-408.073403538282
-404.245355407351	-404.263274273236	-404.550387058863	-404.5590235382
-405.413102958035	-406.374660513836	-405.890238982373	-406.896255134445
-394.650510051582	-398.98103342105	-394.742670528359	-399.117472183311
-412.159403164253	-412.190999639888	-412.320534313917	-412.357987088451
-410.792246936073	-412.657522864431	-410.987846554703	-412.935611616472
-407.171817506071	-407.681290458305	-407.217614800587	-407.739062134468
-404.095049699541	-404.638605199821	-404.105896924074	-404.653004340899
-407.719364962804	-407.936175956667	-407.806535506522	-408.025727373532
-408.925642884327	-409.738445900732	-408.944484833322	-409.770240838501
-396.123958075057	-396.42893876608	-396.629814391668	-396.983643381015
-408.51425034648	-408.540200990351	-408.647465856931	-408.668724013124
-404.398880296639	-405.312792395554	-405.432571823579	-406.496850822507
-407.165792963412	-407.817344550751	-407.170111400718	-407.82095051426
-405.959342484875	-407.668536600185	-406.818719967275	-408.582521038386
-408.042007662273	-408.455716342231	-410.053704864193	-411.036222162486
-405.352907000209	-405.405190452574	-406.487486896302	-406.577368600912
-414.263957894346	-414.781829544525	-414.288927304779	-414.812496579623
-410.395612787323	-410.478010925783	-410.625319286076	-410.704052273865
-404.33562598074	-404.668326000874	-404.967357051587	-405.48404067696
-401.451745008807	-404.560698796713	-402.774397957028	-406.978688560509
-413.38959199207	-411.926946175198	-413.805121585575	-412.427067277785
-398.288861390192	-399.024273986869	-398.717193694839	-399.565372980699
-411.23076018528	-411.663398341907	-412.703828959455	-413.191344202326
-406.504199321578	-407.04197198284	-406.991642603324	-407.643524186782
-403.90233843437	-403.908633714801	-404.350741295268	-404.352968539165
-397.414407021228	-397.837701679604	-397.429726777402	-397.853014926296
-405.010482767666	-405.010526154818	-405.305201083163	-405.305828063412
-404.347413287829	-404.392306984264	-404.64969652346	-404.689301820185
-411.252363717049	-411.523426254876	-411.7308491577	-412.028284087413
-405.439385352433	-405.700657257589	-405.448779931812	-405.704255178385
-402.184494254918	-402.480571009801	-402.252628451007	-402.572990593253
-412.725986902862	-412.954247092766	-413.034193859648	-413.297938625667
-413.233571480213	-412.004714363588	-413.897358657234	-413.994492948188
-404.120267268668	-404.156842710957	-404.13496443708	-404.171660789161
-396.096019244629	-400.410695382738	-396.620209180712	-401.494016914103
-410.72929027117	-411.05138596567	-410.984571078493	-411.335440386098
-403.419516730654	-403.425768581261	-403.509257902121	-403.518560526102
-399.346975329785	-399.387617271704	-399.377925742584	-399.421570698847
-405.042676803229	-405.475840968781	-405.186452495418	-405.655773320342
-407.397228749626	-407.681742395141	-407.904979913852	-408.200945794295
-405.627701586939	-405.80799940863	-405.942393243842	-406.170356987309
-407.655881542049	-408.429406404683	-407.722652242824	-408.486624537344
-400.681445302715	-401.283882056462	-401.813822898052	-402.342965272959
-407.700082577981	-408.876057604057	-407.798048238671	-408.964442164012
-406.860516003349	-407.149542015816	-407.840759339273	-408.314837661161
-408.658057849585	-409.283011202091	-409.367186058377	-410.188543756079
-406.986719647619	-407.896450158672	-409.085258793347	-410.492260900614
-414.061994662406	-414.216735143045	-414.99517610488	-415.196549437635
-402.864992495	-402.892001393076	-402.875353378673	-402.906603653732
-401.675943328021	-402.628078820287	-402.100252709323	-403.250443151111
-409.075016895417	-409.281344912752	-411.210632935951	-411.481072377124
-398.471508660613	-400.607922222459	-400.32386830579	-403.510247476778
-401.26529154373	-401.62764702843	-401.283603305512	-401.6426589437
-409.584093564742	-409.676085789457	-409.798676899598	-409.903672723531
-399.378474813979	-400.303203088315	-399.473303317007	-400.362246227963
-394.961742618196	-396.147893733616	-395.067243577987	-396.243031333673
-414.310390639431	-414.319052726831	-414.365030448807	-414.373828799617
-407.556230277265	-407.744735469117	-408.303049039703	-408.547873949208
-402.740414832317	-403.253913252795	-403.28640914207	-403.784603500104
-401.99086437772	-402.924979484967	-401.995376702633	-402.939692501625
-408.164535968967	-408.165299006882	-408.196540671904	-408.197659845519
-391.38568498499	-391.433161160849	-391.475044089966	-391.530995838658
-406.783609130221	-406.993809392167	-406.912941294245	-407.123371234952
-406.940826014309	-407.426837812635	-408.155286241666	-409.006667366175
-411.462958663535	-411.602880454993	-411.59054216397	-411.729643008655
-401.639719343709	-401.721321195347	-402.481406952905	-402.552886002215
-399.365298048287	-401.326746483624	-400.192057620899	-402.659921685198
-406.27613744283	-406.526418149956	-406.698011201666	-406.962848921266
-397.854937594778	-398.918409806783	-398.92080057225	-400.137101425293
-415.162065967802	-414.080602844646	-415.208752146416	-414.135567127771
-408.438915320408	-409.021814386119	-409.085530478574	-409.720723523443
-408.592844076399	-408.678784126796	-408.923973505704	-409.033052744541
-409.022887060645	-409.030711370948	-409.026659172988	-409.034264311663
-396.025440570124	-399.688695458184	-396.084526475288	-399.749444383767
-407.932567059394	-407.952328966234	-407.991286357502	-408.010197709788
-410.070373211872	-410.257677193009	-410.15457178554	-410.346146913301
-396.617268576519	-400.282936664372	-396.623047467863	-400.282936663651
-410.015193400725	-410.222514266828	-410.073731545518	-410.279068825441
-404.677345235306	-405.106426783963	-404.681206441971	-405.110113240437
-401.176982888378	-403.991477801375	-401.588201265601	-404.52128065948
-410.222268126158	-408.113146817915	-411.037877808271	-409.028345578864
-406.537660934821	-406.965500115419	-406.823397908212	-407.260067740173
-408.318162345825	-408.793662388294	-408.881824176664	-409.393998642089
-402.83587294366	-403.213673496302	-402.846902474868	-403.228476898296
-411.500053912859	-412.250569757386	-411.501458702799	-412.254043877182
-396.611460932743	-396.730954876294	-397.740516793869	-397.967378857374
-408.266532364857	-408.266947023817	-408.324128254115	-408.324578360649
-399.777019450514	-400.410310898452	-399.808894473777	-400.425254665426
-402.598087573915	-402.92291771639	-403.368455375441	-403.643228979044
-404.280670903453	-404.924638377827	-404.340854464121	-404.982956719312
-403.383406568766	-405.992631640788	-404.277779125033	-407.417194545619
-394.00937555631	-394.04890460546	-394.042504468194	-394.083607687758
-407.753421995225	-408.27219806394	-407.753448171889	-408.272198063747
-412.129479549075	-412.130234581394	-414.956015116801	-412.812655262981
-408.265061951238	-408.636273041785	-408.287085381964	-408.650524463854
-403.325501631192	-403.325891033457	-403.35848807048	-403.359227067312
-412.912399756932	-414.005553958003	-412.994557017872	-414.091243632855
-412.041830897956	-412.146074044559	-412.543633983999	-412.648912679318
-405.001541058082	-405.200342428266	-406.16216528878	-406.373657172928
-395.094847546346	-395.285758256112	-397.446683146858	-397.673623998406
-395.57176829294	-396.843015899071	-396.323683960767	-397.817281724372
-408.166789630062	-409.309397131905	-408.198014397266	-409.323608370379
-406.125635016823	-406.161309155981	-407.442200817234	-407.454084324703
-397.596451404436	-397.882380453995	-397.980115389058	-398.263812355627
-396.99394588228	-397.208902609645	-397.227429708536	-397.392401944651
-397.802977072809	-398.020957221029	-398.027889310617	-398.262729132834
-410.608301842399	-411.203676360043	-411.261142513595	-411.993318435063
-409.621390389381	-410.612052426866	-409.641188465434	-410.643729767471
-407.39450506239	-408.037050629053	-407.395013351321	-408.05111876257
-403.388507418195	-403.389258472892	-404.33559043423	-404.335610931558
-400.901795918943	-401.215628543867	-402.191562184749	-402.555355310839
-406.133663009989	-406.147595955934	-408.745835175871	-408.755792821844
-405.538586715481	-405.542528607938	-405.834035211955	-405.838260478965
-399.901095596895	-400.987128247636	-400.277765100331	-401.359377594035
-403.313192999947	-403.321467768773	-403.329738475096	-403.336259485027
-408.523285969291	-408.845660043361	-408.920377608538	-409.27573207776
-407.971088147369	-408.446429840892	-407.975159180094	-408.450024075436
-411.412591060412	-413.29535849634	-411.54406071796	-413.464426277364
-404.206707141283	-405.891447838524	-405.347594572868	-407.49224913393
-394.780542605905	-394.949417359174	-395.473308042078	-395.596244435668
-405.975492859822	-406.29852809266	-407.387347995866	-408.028512500261
-403.385747351839	-403.62756769274	-403.387681089241	-403.631236161609
-407.860063092331	-407.967863383374	-407.863641767274	-407.971465671587
-404.267976950659	-404.314602943133	-404.88648564881	-404.931269429116
-404.252693575381	-405.510912312287	-404.388096188281	-405.643101576197
-408.846029344444	-409.082312106506	-411.612489337923	-412.036406967848
-396.618498664518	-396.628705756733	-397.081247199807	-397.083148536565
-400.997939807116	-401.541656363572	-401.198473603081	-401.781232121265
-396.12302669443	-396.457645367739	-396.123044448666	-396.457645367632
-405.169804229186	-405.534245381741	-405.243126280814	-405.625061157304
-404.134983489425	-404.277020317299	-404.750531622335	-404.984841453671
-406.407502608423	-408.274500315778	-406.409465790339	-408.274500316613
-409.758847392316	-409.775842489027	-410.455937533231	-410.470762027593
-407.183260487693	-407.521848061664	-408.095063271594	-408.444074264513
-402.337352844384	-404.303262867507	-403.134485400391	-405.237562280844
-402.543505063379	-403.712970190006	-404.62923402448	-406.192030565548
-408.520127162902	-409.166939758169	-409.485907562811	-410.195389996252
-410.993406902554	-412.202678720978	-411.407041431996	-412.701640932637
-408.253965804826	-408.270144088676	-408.430967062209	-408.445334575108
-406.991174810627	-407.316500684051	-407.074229497885	-407.40688083046
-411.181185247875	-411.245519601221	-411.24083331248	-411.301389667998
-409.419250100695	-409.759306650333	-409.505883363845	-409.848303609137
-401.704955724029	-401.786349803752	-401.704968059567	-401.786349803548
-411.055705562427	-412.771943412517	-411.2594373139	-413.053840985302
-403.474077786923	-403.65979229986	-403.919844504559	-404.108287358989
-410.344568934568	-410.402197823856	-410.347991496907	-410.405736465339
-409.763184546115	-410.045161063531	-410.100674565025	-410.399861141435
-415.226478111873	-415.275640265758	-415.257170775313	-415.305774803542
-410.003111795773	-410.003350617373	-410.006570781847	-410.00688908007
-407.624415647636	-407.661318990577	-407.655374399883	-407.69388226438
-402.638634186059	-404.890513738435	-403.077408103457	-405.420285225255
-414.017677944111	-411.740081209233	-414.047267763748	-411.771736165029
-413.228358945667	-413.519410528693	-413.442251786315	-413.740648391453
-404.680826213853	-404.699424951884	-406.241603916309	-406.295147027887
-406.632854186238	-406.834849294875	-406.646472727057	-406.849292350115
-405.743711377694	-406.091019465222	-405.771714117948	-406.123978293751
-405.586216503887	-405.706507480732	-406.265300827494	-406.414636800768
-404.730765649056	-404.732594075535	-405.346503584903	-405.346672066921
-404.489284575051	-404.998647912776	-404.548465047254	-405.056736559278
-401.705705366067	-402.937548930905	-401.787092127582	-403.070400622881
-408.802540892428	-409.876819290967	-408.812699221148	-409.891033862062
-404.279297554579	-404.318449051294	-404.333760431727	-404.377379472047
-396.861666752583	-397.121916956571	-398.812959364989	-399.137867904876
-407.770996131244	-409.242270318861	-407.908072737346	-409.416848692029
-392.484022357698	-392.613725581468	-392.601573659763	-392.71058310255
-399.20635312162	-399.414499795599	-400.214778664168	-400.627093905856
-403.366283597501	-404.54930210107	-403.802011678016	-404.993612317532
-393.587533635055	-394.688959809895	-395.450441696444	-396.70077693097
-409.85400974167	-408.671090618376	-410.284810651155	-409.361975658733
-413.20398760898	-412.796005659626	-413.433731064615	-413.077714719489
-400.09549474744	-402.401988810032	-400.490247898786	-402.77103999263
-388.972611946949	-390.500518709325	-389.454553785596	-391.161631181136
-399.530580414563	-400.061038075801	-399.552620861311	-400.095123699378
-402.310659164358	-403.656555033456	-402.772057257266	-404.099675050565
-401.148012094345	-401.161171142069	-401.162425438421	-401.17606364029
-407.622256444929	-407.95851325429	-407.622649032274	-407.958513253592
-401.71732434617	-402.807368640614	-401.880264924502	-402.940806527932
-398.943892379092	-400.191541676809	-399.390447885424	-400.64524351056
-398.127275147308	-399.337233985108	-398.45436902169	-399.793511667268
-408.551414059373	-408.570906000281	-409.710260429733	-409.719455009475
-411.431656388452	-410.737219396639	-411.463781212359	-410.793724764948
-407.249571543501	-408.403218612044	-407.280706711254	-408.460450463612
-406.65868504983	-406.824205374452	-407.81139718897	-407.98667751849
-396.708191116076	-396.919496751679	-401.864721373827	-402.22831354409
-410.578559585416	-410.676030130725	-410.615992767935	-410.707507311681
-407.820845888957	-407.88802981175	-407.993875885887	-408.064833770608
-402.641452247928	-403.1641052884	-402.867666812427	-403.464545020709
-412.909797277929	-410.926174216149	-413.538828741096	-411.717585145925
-408.175858365969	-409.478849774676	-408.215785332687	-409.510814744117
-412.35288246801	-412.424713678435	-412.406391840723	-412.480402935182
-402.755816816422	-403.028913405063	-402.756370104268	-403.028913405079
-404.974551281834	-407.549634482022	-405.130853654593	-407.725054322913
-404.503984741861	-404.73734551712	-404.54574893537	-404.770145430259
-412.208064307121	-412.743915424929	-412.270021845467	-412.799246986471
-409.07530181717	-409.872822491768	-409.130935828137	-409.961315197269
-408.29781917827	-408.479295718341	-408.306760751675	-408.49345242651
-412.632934710084	-411.57471865451	-413.564886360889	-412.834180050236
-395.283578925193	-395.300352551038	-396.977989493248	-397.002665252297
-399.860104560254	-399.927533124477	-400.334409235408	-400.378024117185
-401.505179775838	-402.317337465317	-402.524544675299	-403.390088442987
-411.591084246796	-411.657003098919	-414.261405036708	-414.353937675061
-409.827606835128	-410.835995193896	-410.11096998245	-411.12049037707
-399.934294683589	-400.081944871131	-399.95580783726	-400.097064855335
-403.072903692102	-404.267165048227	-404.977627685828	-406.537052763361
-411.302934386944	-411.710570507171	-411.736509593961	-412.131752433111
-405.881443523591	-405.921666684794	-406.482946590593	-406.538223203432
-405.720652453491	-406.179384390145	-405.872808524039	-406.309752289144
-402.859638687157	-403.022457765989	-402.936894862431	-403.114715845195
-408.235439440686	-408.348048832488	-408.286322044506	-408.405291307395
-397.355048368792	-397.650761323194	-397.37580113962	-397.666053574912
-404.887470930664	-405.001814622169	-405.939322727894	-406.056555514132
-401.6947371717	-404.173842715697	-403.660651250415	-406.808484205951
-409.613719353638	-409.645425233388	-409.626004686223	-409.65967942919
-400.407642870261	-401.000595103143	-400.962785013017	-401.732605310897
-405.188465783371	-408.169494067185	-405.29725509074	-408.258810151764
-408.338781807243	-408.354783449556	-409.146826688842	-409.154050062326
-407.418420008541	-407.676331639766	-408.426628816465	-408.717078046318
-406.297188922854	-406.388789640837	-406.381254557718	-406.445425953826
-409.901153831003	-410.222054952852	-409.901188571556	-410.222054952469
-403.122613781594	-403.412572250371	-405.000384731951	-405.355089903831
-400.462576419583	-400.475801799222	-400.462581915585	-400.475801794341
-408.546501605786	-410.68116750377	-408.582202531458	-410.768784108369
-396.020776110346	-396.310324363939	-396.526750977461	-396.771501224154
-406.395936538788	-406.468634536004	-406.412815515464	-406.483217393364
-401.229614819572	-401.230131571175	-401.468253453473	-401.470318442266
-411.315140404862	-411.487624162494	-411.467027784562	-411.659400066346
-410.91806041326	-411.13366170811	-411.006986020671	-411.221786400227
-398.030878093181	-400.662455181474	-399.694746608042	-403.18632806886
-404.847501357326	-405.12111810617	-405.097268217192	-405.415711017554
-413.613958920384	-410.55713522432	-413.657110927144	-410.613894625987
-406.668065959781	-406.718052362519	-406.699722838648	-406.750871800868
-398.197272486227	-398.362679302697	-398.709637621741	-398.999167807732
-399.940351490796	-401.972268205476	-400.423501892457	-402.692007396916
-405.133331003614	-405.225702368511	-405.316725846919	-405.403764707876
-410.873439715619	-410.975299516885	-411.093638993687	-411.20139060249
-411.211738159191	-410.793649769136	-411.55983785839	-411.299037394287
-407.863250826312	-408.664609614918	-408.700680173039	-409.81080566888
-401.998000914704	-403.537426479449	-402.199657879196	-403.90402402184
-411.291109861012	-412.454639297327	-411.39262150525	-412.624871353163
-407.098451369273	-407.206361649657	-408.657401544242	-408.792713138971
-408.321381680228	-411.182142799599	-408.989005746033	-412.295471091836
-404.38504906707	-406.360588692535	-405.30200004214	-407.536418914606
-407.186026292052	-407.256512690586	-407.19086223449	-407.260108855195
-402.541155287729	-403.221151077381	-402.553603419535	-403.278895511057
-408.348931953448	-409.247907905169	-408.452636222136	-409.336674152454
-407.816794132891	-407.953757249607	-408.970948111612	-409.115458536777
-409.957771168102	-412.17271761438	-409.981514242842	-412.186629752794
-404.974111851416	-406.396396305283	-405.711569017713	-407.204218144282
-410.4813849639	-410.504295628184	-411.612098208899	-411.645549660066
-413.06868747768	-413.528587925458	-413.376268701316	-413.87227158855
-399.84704977293	-402.946463464526	-399.900418725185	-403.078595664225
-411.186761231661	-411.965177396313	-411.334540864369	-412.136665867283
-396.394706370096	-396.935490408731	-396.572270933486	-397.122792090876
-396.137958869242	-396.874489803471	-396.626716806024	-397.256974536323
-410.585505766647	-411.058044394377	-410.980964588877	-411.483653817357
-403.660728842074	-403.678504247693	-403.674584319698	-403.693255180367
-405.706880272224	-407.348098557558	-406.05619201141	-407.785594989689
-398.228289607612	-398.886202823267	-398.230720095127	-398.886202825322
-398.583856823827	-404.100275678395	-399.708319565301	-405.875264414454
-402.44475865249	-404.626262675048	-402.488474520542	-404.659411604221
-398.461097373765	-398.462734676593	-399.422620203785	-399.42815098116
-412.041831962557	-414.118405933475	-412.066506265056	-414.14941696674
-411.552489082089	-411.962795614049	-411.576949284765	-411.994379359723
-401.368990591706	-401.374697449184	-401.821906334578	-401.825977462629
-405.477568894252	-407.832738834101	-409.17534432167	-410.046737766172
-403.859130855379	-404.464421194919	-404.29167649289	-404.989396453026
-409.173319467405	-409.638119094399	-409.596054481251	-410.068507454556
-400.135612149731	-401.385580560192	-400.61508055496	-402.01146875822
-403.880063490023	-406.37376894345	-403.945930698466	-406.431928278245
-411.218052784017	-411.848529652034	-412.870798785497	-413.095235163197
-404.915945419051	-404.989691257296	-405.030732581752	-405.12148775363
-405.808991979509	-406.012666595545	-406.302552951141	-406.537934050473
-412.114868558817	-412.215405494396	-412.124946445943	-412.229219410396
-403.322567153626	-404.00142255284	-403.428046930876	-404.133947565525
-412.225597133209	-411.444932817258	-412.279173775786	-411.50087606288
-396.907374542821	-398.370256017361	-397.457197956058	-399.006344390253
-401.498294360408	-402.290716384979	-401.919766892903	-402.828678187568
-401.433333804005	-401.436399134418	-401.966666500351	-401.967093196705
-405.228923467462	-406.190088622109	-405.514535251418	-406.629555423456
-409.720122040306	-409.946431117064	-409.722476544564	-409.949969094431
-397.524589647123	-400.919906603696	-398.461050083796	-402.411422366269
-397.349606699257	-397.914474944522	-398.363314228333	-399.007055002215
-400.454499139329	-400.636178656952	-400.785791299676	-401.010453633769
-406.047134381184	-406.307458577393	-407.95008967858	-408.190894793093
-409.569301854826	-410.057310886359	-409.740628280357	-410.23117662968
-412.645100498225	-413.224498593266	-412.681390008916	-413.255408463971
-407.784460891052	-407.836785129141	-407.814951267824	-407.869176834448
-406.274902073666	-407.211561098952	-406.785118362964	-407.913699758453
-409.797953922407	-410.425478076162	-409.797961275983	-410.425478073866
-408.917281557824	-408.981215375227	-409.054079023824	-409.109945198445
-401.260892840428	-401.495147766055	-401.539585474933	-401.798747713377
-397.905663167286	-399.110263084977	-398.403533634291	-399.566176348766
-411.345983510366	-411.974851823493	-412.834440582129	-411.988861757055
-413.209888327355	-414.20619464113	-413.270282377247	-414.292152623065
-409.742343178053	-409.90698483957	-409.993615596071	-410.195600051979
-409.194657186808	-407.54501956188	-412.120761172596	-411.35783431568
-411.128089551097	-411.625309352767	-411.718981682351	-412.303831970398
-411.823433253235	-412.893798011346	-412.804635077772	-413.999051594459
-396.140474719523	-398.649362008974	-396.142471034083	-398.683491241073
-406.35272100904	-406.467367658816	-406.406078510054	-406.52523681468
-401.105274335467	-407.195814691813	-401.449160576902	-407.80430917746
-411.546102853639	-411.974295192375	-411.673593457633	-412.143829807959
-403.860504134318	-405.174669910069	-403.890484454972	-405.207738920563
-404.385406223837	-405.30823119077	-404.395551589053	-405.322912575044
-402.570776090566	-402.648270139647	-404.52300184172	-404.575099293979
-408.269448756347	-407.090003844716	-408.736429351425	-407.604229189376
-413.611299516649	-412.023169704475	-413.777271230273	-412.247404181974
-402.651237917086	-403.003624853024	-402.664704966496	-403.018434862713
-408.78182696578	-408.798223561784	-408.796433536798	-408.812585769374
-410.684448718607	-411.438105452783	-411.203569550739	-412.030087390918
-406.81813175245	-406.861331073087	-408.413696538509	-408.451902183054
-412.961303598899	-413.479075238069	-413.84604214283	-414.463844133915
-403.286974041175	-404.273857502301	-403.30139080459	-404.306887719908
-401.028417424202	-402.142030832016	-401.55561750829	-402.678010321172
-410.208411574848	-410.805387368715	-410.944445347057	-411.597338256402
-404.744819132386	-407.216049910215	-404.773392591385	-407.23057410293
-404.045231157932	-406.190073460003	-405.310464943591	-408.271262050535
-403.453374864166	-403.998511428862	-403.527477657646	-404.090157029401
-402.296474902981	-402.4387339989	-402.351937850795	-402.497870222744
-403.446210174368	-403.668454570627	-403.553354531073	-403.800601808777
-399.017610566792	-399.312900173569	-399.345215098887	-399.688609298677
-403.509539720978	-403.509970743812	-403.601353939532	-403.601829634999
-404.847086632194	-405.981812013414	-404.998069524703	-406.159641650944
-406.311107015112	-406.499414280048	-406.500517586035	-406.728486060494
-400.557682960113	-401.169493326297	-401.973352769835	-402.957618340693
-402.118397782421	-403.838036630981	-402.152472323982	-403.852740212983
-409.306349926378	-410.545538867602	-409.415229555204	-410.672453510429
-413.203742613394	-411.785011745286	-413.221216589788	-411.816465376661
-411.677073960587	-411.738722554182	-411.84884955618	-411.911054686371
-413.784069547386	-414.073165188684	-413.799567925517	-414.086868930514
-399.839518412025	-400.612615616883	-400.050363395927	-400.852088964193
-402.397482500643	-403.29114036051	-402.804070920917	-403.737641464967
-412.815594145948	-413.125516941473	-412.936940655172	-413.295036751823
-404.857787029956	-405.501885461712	-405.075177445705	-405.733814502616
-412.432702716531	-411.484638214561	-412.535595711363	-411.611016378853
-409.220215272119	-409.577926946048	-409.360499022047	-409.751400179035
-396.26499141139	-398.285193573327	-396.328762729533	-398.31929695582
-412.276390363582	-412.609918195516	-412.280155307924	-412.613390202723
-408.097428507697	-408.613455675325	-408.098293603744	-408.617019320433
-406.829879976277	-406.830814426747	-406.888533657708	-406.88886908925
-404.353205828523	-404.4960367954	-405.594325628965	-405.940837703306
-399.947860834628	-402.83528668876	-400.711345368201	-403.775490002794
-397.417014181086	-398.805600172095	-397.434677579684	-398.8056001191
-401.17000567383	-402.110804863723	-401.320032760453	-402.294177748365
-394.23187577405	-394.250805679162	-395.030158430491	-395.114794888445
-401.625361627329	-401.666504454668	-401.678339216067	-401.725942084575
-404.711066471773	-405.879324585288	-404.956806266687	-406.2410964398
-402.812049825222	-404.130052340139	-403.97054139912	-405.586767903608
-409.918699038628	-410.213842931463	-411.957571275184	-412.392652632682
-402.549495463817	-406.273863607801	-402.550027212863	-406.277473049493
-410.123152555981	-411.097670612731	-410.209129018489	-411.224525479442
-405.661633690849	-405.720115272223	-407.018055024601	-407.159703674798
-406.679133930622	-406.971451004962	-406.783350876038	-407.102372981832
-410.022407354558	-410.240551681999	-410.084038869085	-410.297078200283
-408.461924400153	-408.555914001666	-408.489591859405	-408.587991731303
-405.575092345959	-406.052680907688	-405.634897277533	-406.143035753313
-407.554365420428	-407.845846465094	-407.630614659642	-407.935788624431
-400.777700213952	-401.001606558355	-401.163699062416	-401.457646990837
-410.739058885001	-411.512458082556	-410.800084332139	-411.599842314938
-410.195930831468	-410.848370594354	-410.202616348877	-410.851879760319
-404.26824760847	-403.750325486756	-404.429070469773	-403.878681876874
-408.674693832581	-408.49921420968	-409.176759609472	-409.291936181989
-404.108693908749	-404.434411465925	-404.127070111119	-404.449102108394
-393.486352809883	-394.924121264091	-394.684486372394	-396.171501339817
-411.985384293943	-413.099218905676	-412.005987045702	-413.130382978016
-409.420223237308	-409.488065092289	-409.507497441958	-409.577514421365
-403.442770861289	-403.449043113701	-403.442782324916	-403.449043109676
-412.070356602621	-413.550077833139	-412.266163683756	-413.770368219681
-411.388653288691	-411.435933329253	-411.72547429541	-411.783350081179
-410.048574397323	-410.588492867892	-410.04861773819	-410.588492868521
-410.69414041921	-410.935295964874	-410.707441003055	-410.949428524096
-397.812245301577	-397.88028755948	-397.930863462558	-398.016561261478
-410.307866870432	-411.679031892649	-410.658407038824	-412.267352078664
-402.314297888105	-402.469647007442	-402.918180867577	-403.100109243618
-408.816760713986	-411.192424930162	-408.844083932445	-411.22424049004
-403.418030201383	-403.831922908734	-404.366172209952	-404.767537055771
-401.037811040257	-401.300088472121	-401.068441457196	-401.333714656623
-410.120968482424	-410.806515638288	-410.148436366236	-410.838197152424
-400.600344368964	-401.295197726398	-400.687332244235	-401.428377832766
-412.417213618935	-413.312017245958	-413.495657048695	-414.81886437066
-401.848912954611	-401.871735189963	-402.421414154109	-402.477870877198
-411.644190806021	-412.10265060841	-412.037235546267	-412.523665995774
-405.910807279708	-406.998241419203	-406.792541631486	-407.918670912572
-407.301332765555	-408.061312834871	-407.604625580639	-408.352913160282
-399.80921331504	-401.394425214056	-399.809346422222	-401.398160630631
-401.545976884369	-401.579352767083	-401.888019806948	-401.946112042126
-395.506034840516	-395.673212261962	-395.623803462318	-395.812527372758
-412.818693223479	-412.9246865259	-413.302993842448	-413.423904377994
-403.623473825978	-404.656121866464	-405.743817617389	-407.114655438846
-411.923019649542	-412.117142970018	-411.955310466267	-412.148534601763
-413.45820280575	-413.506198008311	-413.731826728575	-413.784892717348
-398.92280854725	-398.935738936765	-400.416107085844	-400.416281026414
-404.433510575286	-404.472198321015	-404.741718519802	-404.767687455008
-399.437397107111	-399.728471393691	-400.21048895155	-400.57453182202
-407.861745712827	-408.185623232268	-408.091200023099	-408.413013943806
-402.121696218883	-402.172369420866	-402.6655070095	-402.702759538216
-394.707580239998	-397.470661823434	-394.776766569892	-397.773911665409
-404.312797045042	-404.86093159675	-404.326222759864	-404.875533784904
-407.589523288925	-408.855788980294	-407.595696387523	-408.870087891908
-405.374106919273	-405.416079584455	-405.548731547235	-405.592815590499
-409.524934699099	-409.659270840324	-409.784423684701	-409.944290143306
-407.659644536974	-409.974730205112	-407.67876198976	-410.00664508976
-406.849964851285	-406.851315754077	-406.863834699968	-406.865696967657
-407.889889971329	-407.929615969109	-409.181071304798	-409.21656806487
-397.787137617676	-398.132826240623	-398.21952951616	-398.594431003254
-408.962464368945	-409.883578759809	-408.98484601838	-409.897415658514
-410.902123423627	-411.101682591192	-411.056888828786	-411.27496038538
-408.369967630694	-408.956758984392	-408.462684895258	-409.04577563605
-404.66756361087	-406.163769181611	-405.749943605417	-407.341467353469
-413.396711989195	-412.991044668036	-414.907430428126	-414.953646931002
-407.061335699426	-408.613967837736	-407.369935535208	-409.045490699309
-399.458266830729	-399.484753170592	-399.461581860128	-399.488525967832
-411.771202080327	-411.936143031633	-413.154347266164	-413.767933527403
-403.072538501795	-403.482605348291	-403.187054874532	-403.573974884224
-409.100702197444	-409.54509989655	-409.12486774765	-409.577168163558
-400.228663954458	-401.077948328389	-400.236978544863	-401.092936631797
-399.329180326769	-399.650349462994	-401.834280884612	-402.370103417984
-413.32963262294	-410.471816576113	-413.38832954283	-410.560479418024
-396.336572454059	-396.470991282614	-396.496919296218	-396.656715113507
-408.865978451675	-408.872094347433	-409.470057832573	-409.476085426188
-414.604986167462	-414.60863625302	-414.725458545976	-414.730313470248
-397.130419195895	-397.673452163289	-399.250731303754	-399.854482213123
-403.863629658727	-404.19845059034	-403.863912944277	-404.198450588931
-411.656531680974	-411.686832407184	-411.782487011023	-411.813210690031
-403.054763835423	-403.378087586322	-404.81958844728	-405.655536967403
-394.275041548026	-400.13901364114	-394.610230546232	-400.873579159796
-409.339632900216	-409.245319293135	-411.424741185828	-411.970139399549
-406.952286114618	-405.340164679339	-405.775401846977	-406.262154266218
-407.355757154101	-407.461465372295	-407.35832195778	-407.465054717155
-402.839326495899	-403.152375753635	-404.734919534853	-405.093944709521
-394.537063463652	-396.415890374204	-396.105668217753	-398.256700461736
-412.210335756636	-412.328598409414	-412.216254319985	-412.342618026412
-396.688681222326	-400.301191939437	-396.717603300472	-400.361348278365
-405.421448873523	-405.484181655826	-405.875056014646	-405.92644592236
-412.14008834961	-412.264251625419	-412.151083906941	-412.27818700938
-409.655905261412	-410.185809146638	-410.57980434065	-411.201689857316
-407.90735048541	-409.29943902111	-407.920889494052	-409.31366372968
-397.02262667932	-397.205475039185	-397.085479255902	-397.266765943088
-403.690966663796	-404.922961882473	-403.896068768937	-405.15849235494
-403.114740507859	-403.12797779492	-406.039684653006	-406.338673150348
-397.895097088427	-399.042265664777	-397.90473461306	-399.04226566454
-400.694006465404	-400.928948698827	-401.082362725891	-401.304379023993
-408.450475814698	-408.454418199713	-408.7388633288	-408.743574357409
-407.593665793676	-407.707564782718	-408.540033786566	-408.734252730342
-398.641318839411	-398.643639137193	-400.006721251741	-400.006848540528
-400.281298200579	-401.513460128242	-400.39145387636	-401.69472376527
-404.085752860128	-404.49592277989	-404.587385523548	-405.115083887178
-408.12976118774	-408.129761237484	-408.420920459444	-408.42122617393
-412.642292009342	-412.493426541877	-412.938977442009	-412.841064580571
-406.879187952169	-409.770624042001	-407.234952193773	-410.195509774946
-405.843360999686	-406.261888440385	-406.636414140713	-407.174567176458
-411.738199812875	-410.671562525724	-411.865000631032	-410.896027492517
-411.758599348013	-410.166181174282	-412.457008376823	-411.063199008425
-407.773471010378	-407.616974984935	-407.965630073398	-408.047341691748
-395.930497891528	-396.382405697848	-396.117857299513	-396.571123352757
-410.967841286851	-410.968774694075	-410.967841716649	-410.968774668602
-406.987686421008	-407.390910794619	-407.757588053869	-408.305799309387
-403.439441941243	-404.203970473155	-403.870379359732	-404.728903060844
-401.393628950103	-401.590590780589	-401.427347273075	-401.624086395403
-398.606459955915	-399.107105145511	-400.482994008016	-400.91358359305
-405.98182946821	-406.431699670856	-406.739077802389	-407.242757202436
-412.129988052347	-409.936002015438	-412.138535736155	-409.95019667714
-399.945890745023	-400.08054626695	-400.663078256112	-400.929790892022
-406.190178043373	-407.555049122644	-406.625929125556	-408.160104565983
-412.1297922903	-412.62681194914	-412.133007464428	-412.630286939168
-404.038436416206	-404.293304514284	-407.954899852726	-408.430133828726
-407.745036603989	-407.938535357306	-407.836398248208	-408.028931552644
-408.669863503057	-409.85749468189	-408.694695789299	-409.889531984916
-406.781696564386	-407.428727847652	-406.845317119939	-407.486575728583
-405.763768810604	-406.052741391549	-405.853080600752	-406.144282223226
-399.596351018961	-400.059684776864	-399.653348716542	-400.153676352916
-413.314178831637	-413.42873447444	-413.660624596819	-413.772944103699
-409.446059983822	-410.674926565808	-409.448311543733	-410.68892906841
-409.753065665988	-409.640813062966	-409.888169794497	-409.767117738276
-400.354940353364	-401.518535563466	-401.877402015352	-403.833788925091
-394.425839118989	-394.539659730789	-394.756433808788	-394.850948077316
-412.69253003857	-412.780814164306	-412.946726781464	-413.060720623168
-407.017563901281	-408.256890630516	-407.021964352769	-408.256890622687
-396.464490768952	-398.35768071265	-396.561458786699	-398.493490112286
-389.266555350705	-391.341165509216	-389.482866757997	-391.735466861055
-406.642990505632	-407.833106261399	-406.7575119598	-407.922826628985
-405.353573142683	-405.370259961211	-405.357897390482	-405.373932219458
-398.289948432162	-398.950567495541	-398.583436995864	-399.188845768222
-406.733346950866	-409.607116012135	-407.690647028088	-411.308265814115
-400.451008848438	-401.508354673377	-400.570043371617	-401.643464670228
-406.556576712856	-406.69149261771	-407.079094636032	-407.211684199758
-405.607507508755	-405.631540259651	-405.701551055513	-405.722650607531
-401.518887306964	-402.415457310787	-401.557751431486	-402.448748807659
-402.438598688647	-404.463901337112	-402.49651654551	-404.556202403586
-405.184201191986	-406.725177794891	-405.831730520648	-407.762006932608
-389.652724526122	-390.567803669223	-390.018453730377	-391.13437574351
-405.195661712012	-406.443272687567	-405.23570079059	-406.501168679075
-407.287852208334	-407.381317433759	-407.300019923295	-407.395814914232
-413.386065503644	-413.741183258027	-413.442704126559	-413.796401217541
-402.01078272896	-402.160866338204	-403.340545958936	-403.609714045896
-403.775249142596	-403.891710923274	-403.816981134296	-403.924448392186
-409.849833878398	-410.323010142672	-409.860664657675	-410.337160998602
-406.554654310377	-406.720945941457	-406.559061804066	-406.724587729753
-405.382205113282	-406.876197122793	-405.643354407972	-407.299605931051
-410.168731718152	-410.252042951633	-410.173985329952	-410.255536683026
-403.924812936379	-404.586181894925	-404.707763427386	-405.636777590329
-408.893870664228	-408.909567160136	-408.909447030492	-408.923785175051
-406.677225729018	-406.721330718614	-407.347481177493	-407.422808359156
-396.067703913752	-396.529216621911	-396.175736092089	-396.62473645237
-404.974105675824	-407.881876650297	-405.079873623966	-408.0589954954
-405.236407466517	-405.984585550575	-405.563592586162	-406.347028025846
-412.829937878436	-413.451296076295	-413.379945341863	-414.222684490092
-407.432814679828	-407.73275766676	-407.481547991554	-407.790547933509
-403.467455223668	-403.810020685079	-403.470162852258	-403.813707143939
-406.269687218041	-406.452796116619	-406.375050012047	-406.582922949708
-408.007138781996	-408.122194901079	-408.010144468922	-408.125808994382
-408.018518991274	-410.361092428323	-408.018619256084	-410.361092429077
-404.390179095039	-406.098671291918	-404.694972549426	-406.460907083338
-396.78779910774	-396.873151780338	-397.128341383634	-397.177061550062
-408.426926448761	-411.363264543188	-408.426931780914	-411.363264540714
-408.922392482147	-408.932774100021	-408.935848231767	-408.947024060754
-391.585324481955	-395.950430839159	-391.79119693887	-396.194514140824
-406.609290302934	-408.527631056014	-406.889639624252	-408.815297650034
-402.792700322567	-402.817175007769	-404.307496071206	-404.443300808641
-396.527476114352	-398.724115648656	-396.637267363222	-398.818224810983
-407.204132779134	-407.274885306336	-407.381039701435	-407.452597369882
-408.01250369662	-408.754419332611	-409.087061399844	-408.880483048714
-406.387807576038	-406.52556513157	-406.391674373677	-406.529212362499
-398.972526366493	-400.026921531026	-399.217682504383	-400.39694521137
-400.203998324661	-400.795215684209	-400.385455478782	-401.034323193706
-411.1093368446	-411.211855730111	-411.162578211412	-411.26766366935
-403.927570063626	-404.012603956635	-404.877713035542	-404.955102866249
-405.485388087782	-406.574514021027	-405.488542337426	-406.578133701365
-403.775230997664	-406.150394268936	-403.776995119137	-406.150394267587
-406.741279633765	-408.981284803426	-407.42994463889	-410.00978480637
-412.623239940918	-412.691055009631	-412.738846894378	-412.816167036608
-412.065230233169	-412.941286077899	-412.960266504839	-413.923957757955
-407.361199498557	-409.972598625154	-407.361657507255	-409.972598625113
-403.769377589049	-406.365881108475	-403.975246200264	-406.658342775989
-406.701237620935	-406.704770983238	-407.224242354084	-407.227413089545
-414.92055293088	-413.724346026385	-415.442949320346	-414.305112970529
-406.386612154111	-406.539637107443	-406.386612396228	-406.539637102456
-405.079324204132	-405.183861452009	-405.307671923796	-405.418438888026
-412.423461627657	-412.96973801962	-412.427426260555	-412.973201371336
-393.081803314529	-394.433100573383	-393.083710578711	-394.448378549254
-402.101228274919	-403.019440605826	-402.770576075403	-403.637378665985
-399.239617331352	-400.600728911552	-399.294325594464	-400.634318785656
-413.852846392072	-413.883566772184	-413.909287953192	-413.937897226161
-404.755644816578	-408.696940195805	-405.766929514545	-410.262906574194
-407.965764678677	-408.40475792161	-407.966602384538	-408.40831377201
-398.423359002664	-398.574776976741	-399.903296697951	-400.080990653148
-400.16516498702	-402.073356023672	-400.610838746803	-402.52127033129
-408.504649926983	-408.647075698409	-409.426711603634	-409.666151196081
-400.617738376143	-400.975616282873	-402.268147313676	-402.61151361971
-405.919779820848	-406.667614490717	-406.022968103276	-406.758396876366
-408.48798409332	-409.427550612253	-411.62550247115	-412.373140791305
-405.230753142035	-406.429422279131	-407.528626322256	-409.050296139927
-407.511161757142	-407.901339791876	-409.238241908143	-409.938932829048
-397.376833575938	-397.941115571937	-397.49438107141	-398.077627821052
-400.137159465164	-400.333938526595	-400.800032595861	-400.965929099722
-411.872099638876	-411.037300994736	-411.872200178108	-411.040792532848
-408.790417352431	-409.574291374646	-409.166682877792	-409.929226721679
-414.874030493343	-412.018752261404	-415.572589295256	-412.800169783628
-396.290428602661	-396.470778918792	-396.34493691298	-396.504445078856
-401.350633291675	-400.041465446076	-400.771972033445	-401.104042714326
-409.205142071726	-409.408431291614	-409.216406161354	-409.422644962635
-407.079539775819	-407.344774533151	-407.121486028903	-407.377142983095
-410.343099188461	-408.035324622717	-410.346903914784	-408.049606600067
-415.590659307873	-413.586920530344	-415.603135355326	-413.600714744085
-408.017066850951	-409.812585020338	-408.024190991134	-409.826864038174
-409.327944614017	-411.087127253909	-409.435060883129	-411.259528024723
-401.013535912937	-402.01303495643	-401.692579717469	-402.841943701041
-410.248691635072	-410.286372341643	-410.252731425826	-410.289913955481
-404.866997357033	-407.044019406017	-405.736186226901	-408.215315967126
-405.041462703979	-405.50483141613	-405.042230060406	-405.504831415901
-393.225308344482	-393.444847261141	-393.852608646211	-394.095489531541
-414.781079012413	-414.78107902665	-415.534541238968	-415.534541266811
-402.670506961893	-403.152246794063	-402.721904390104	-403.211802279207
-412.425074944451	-413.003838920089	-412.435748012538	-413.017694205303
-408.68843496081	-409.669384501971	-408.750754398813	-409.758510389168
-396.046548823471	-396.4004043174	-396.088919246751	-396.43504215697
-412.745825797342	-410.793560493649	-413.207703629324	-411.390394245813
-403.513493771258	-403.65986815328	-405.465670057726	-405.601879909022
-399.646442665756	-400.665882099942	-399.850674850455	-400.906778721223
-412.788540524013	-412.080329559445	-412.822781313061	-412.136094508614
-405.059454472537	-406.507657581498	-405.059753820559	-406.511266692466
-398.188539278829	-398.971310539293	-398.596188998664	-399.426517880232
-385.966231875075	-389.347739978412	-385.967577868135	-389.351723092647
-405.12771584577	-405.344690336017	-406.365414933879	-406.799670272958
-402.107319335073	-403.342711301323	-402.879595774316	-404.164321720255
-409.373313029489	-409.525506722477	-409.373400676451	-409.525506720473
-400.854671450461	-401.318053242146	-401.294512643428	-401.765325452248
-413.529868109397	-414.053025871891	-414.065413457609	-414.465227537511
-397.21087869479	-401.181627968744	-397.610084256187	-401.632708834042
-411.476388493946	-412.064492315094	-411.490729633382	-412.078524581347
-405.016970238825	-405.994498521033	-405.115864479497	-406.052488874886
-407.153524407556	-411.219349763023	-407.154714781542	-411.233382532447
-401.357648361422	-402.782139677991	-401.454035056523	-402.914947802015
-404.318052483911	-404.336392205054	-405.149866747803	-405.155409945165
-410.537393030678	-410.635854622282	-410.814940494367	-410.922821635585
-404.245310054041	-405.166808478473	-404.900198228708	-405.879252794002
-412.046775157324	-410.909044795857	-412.303176541348	-411.194001455559
-408.940333665366	-408.956195083181	-409.298001170941	-409.311698849879
-409.424659872169	-410.313825971381	-409.457719102591	-410.370257414721
-386.157078909575	-387.903729099393	-386.594542346062	-388.901281467596
-403.112077257997	-403.480515676024	-404.800313232517	-405.58781605699
-411.171086398995	-411.172354499985	-411.958398747368	-411.958998564547
-411.358972128685	-411.348894021616	-411.447443190127	-411.436001749056
-414.359857432011	-413.814813977693	-414.807488961757	-414.30967921354
-406.672137429431	-405.416231354715	-406.761459518129	-405.593312972148
-401.830800974994	-401.847845669724	-401.862642575448	-401.881231845487
-402.688838141116	-403.001440600933	-404.057828683118	-404.313854602309
-408.812490947154	-409.726909779495	-409.159033318048	-410.155236095763
-401.49917673614	-401.851832025382	-401.961204979022	-402.298847391819
-401.150433692036	-401.158837589302	-401.166001146748	-401.173808226295
-404.422181956301	-405.730986970814	-404.777035786768	-406.251494062484
-396.976574316694	-397.02988608509	-397.492884196913	-397.576843581783
-399.895141019058	-400.750586143106	-400.756192471385	-401.706890165959
-399.575706239031	-400.065984160275	-399.660696822025	-400.201230603274
-403.779775338229	-404.156727703952	-404.254218516914	-404.680736208367
-414.073582068841	-412.034752033355	-414.319327725028	-412.318771886391
-411.86881907874	-412.480373715894	-412.520096234828	-413.148306955598
-409.192480316686	-409.209014318187	-409.473781448158	-409.497404818463
-411.521793507476	-411.52989163295	-411.800742450791	-411.813042485631
-409.856524298601	-411.093162890198	-409.923589878701	-411.181261135168
-410.139330426723	-410.151508530456	-410.314634901994	-410.324265749828
-410.434066210486	-411.94685242429	-410.768461277416	-412.447972130622
-397.015288106902	-397.182373972723	-397.059103824429	-397.242718346099
-404.623216502908	-405.113912040904	-405.409118729389	-405.937928062061
-401.309090919295	-403.068299383331	-401.889883729232	-403.691049076639
-399.775810287018	-399.83671542486	-400.030983504367	-400.072798653075
-407.656212240989	-407.97594290874	-408.024682774438	-408.336276125071
-402.57723394228	-402.703084254821	-402.888852786758	-403.004096512092
-413.009809625495	-413.682740674134	-413.142814968209	-413.851858274974
-397.019087797596	-397.081529660411	-397.49634663871	-397.539505095681
-407.160997537863	-410.035905733596	-407.225032920216	-410.125064546023
-404.558368734395	-404.620311873644	-405.381015417265	-405.439440911124
-392.039104773582	-395.303004775643	-393.076439559553	-396.543654430808
-392.306912157645	-393.503155160236	-392.341498567535	-393.506942816636
-400.710581537422	-401.772070966176	-400.761592326038	-401.864657704105
-404.973891181165	-404.984821541934	-405.06964220119	-405.07630046412
-411.351890414734	-410.348706174211	-412.356179986348	-413.262073164024
-395.155720586389	-397.650238549505	-395.649728247814	-398.394681351354
-402.161896755679	-402.194435331316	-404.849437661824	-404.860520397212
-401.353007118771	-403.452071914179	-401.450690641799	-403.58430176589
-406.018396897951	-407.222409061188	-407.826113445368	-409.458957214453
-401.62087026009	-402.774583482171	-403.014516526409	-404.080858135
-401.862932310751	-401.8722958691	-406.322007939128	-406.32714405011
-410.385284673719	-411.104497090624	-410.39985380324	-411.118542352078
-408.462287656084	-410.769236231956	-408.462617980469	-410.772752524055
-400.332839569024	-401.83872955225	-400.558292911033	-402.138711978798
-405.545793891181	-408.322210436859	-405.583476524729	-408.379398943731
-411.495432302206	-408.395498820723	-411.500103692867	-408.409670020836
-401.952259139225	-402.049565773202	-403.592235352244	-403.938802063848
-406.184066226013	-406.563803611613	-409.435462319064	-409.922081578239
-404.99294833036	-407.763971127035	-405.142361770184	-407.939249310641
-406.451026905582	-406.763855431208	-407.806153596055	-408.197615766685
-402.965581346616	-403.190975750606	-406.552823638747	-407.326202134319
-398.32331361231	-404.982224245927	-398.341330594534	-405.015393699255
-403.116982997048	-403.381833316805	-404.386186092391	-404.691169397334
-401.513408070664	-401.766281014835	-401.514987929716	-401.769985364666
-409.37773303505	-408.733024986706	-412.029814096074	-411.623108274108
-396.923468714752	-398.125122371122	-397.069020880293	-398.312429114427
-406.80174090242	-408.232702498043	-406.842054798079	-408.29041150008
-403.38082319853	-403.701464808024	-403.579723406994	-403.882552703279
-406.777192583003	-406.868855067056	-408.302659021973	-408.599055364757
-413.691469626035	-413.844000284596	-414.345630952736	-414.507763477333
-409.377502390235	-409.951895660074	-409.408190986967	-409.983751017746
-408.283673697734	-407.127624648455	-408.305092933402	-407.184920320891
-402.995917800211	-404.483288863769	-403.900451721273	-405.535405407228
-396.258377088148	-396.838569407523	-396.260668497622	-396.842373332331
-408.60615925741	-408.934131503641	-408.71268550569	-409.061600750125
-397.569476985554	-397.9690436415	-403.383021889501	-404.095323040149
-407.144989019689	-407.999588239893	-407.236913050483	-408.128963081855
-402.279299837478	-402.350130716229	-402.279408491546	-402.350130714322
-404.550296227821	-408.868905918821	-404.550566807198	-408.883125183241
-412.103837947872	-413.960938941415	-412.172214330595	-414.047093461643
-395.683152394849	-395.689898129183	-397.364795788479	-397.366221510091
-398.500200375652	-400.615111313229	-398.850161482265	-401.065564362064
-407.80673646567	-411.07075388464	-407.966218297031	-411.355936914105
-404.668199158065	-405.722361848397	-405.562134228481	-406.765897018876
-402.868674741143	-403.576211738921	-403.560438731986	-404.513043560735
-407.130216113001	-408.305900925206	-407.217359531701	-408.435664788699
-408.675145737878	-408.910955188996	-408.751430937044	-409.000444300535
-400.381535915335	-400.483051994527	-400.851958428747	-401.023687842414
-410.705418914672	-410.710639197703	-410.736695054376	-410.742527684422
-399.593707986862	-399.611973361681	-399.932018541621	-399.982166722599
-401.644349868455	-401.803759465528	-401.647929641931	-401.807474115266
-414.479155769759	-412.932753449381	-414.682019264521	-413.153316840768
-405.760835732666	-407.850455682001	-405.847065138507	-407.980447164147
-406.769433901121	-408.195945638579	-406.844856784827	-408.285410530235
-392.845539006417	-393.032452070652	-392.871680967005	-393.067614060772
-397.731715748676	-398.263797332216	-398.445568200736	-399.001729715578
-409.131156208477	-407.013061462795	-409.133839912091	-407.027245396863
-399.417044425198	-399.445915536091	-399.45182416137	-399.479712245047
-404.968337390545	-407.920257733288	-405.109268164269	-408.049433028253
-405.737086443219	-406.733850175712	-406.188937500305	-407.252380913291
-395.830042095542	-397.823663258854	-395.830210522242	-397.827478169388
-409.23939623668	-409.481164873944	-409.902577187493	-410.178171583045
